,Occupancy,SoC_ref_EV,SoC_arr_EV,EV_plugged,EV_arrival,EV_departure
2024-01-01 00:00:00,2.0,0.0,0.0,0,0,0
2024-01-01 00:15:00,2.0,0.0,0.0,0,0,0
2024-01-01 00:30:00,2.0,0.0,0.0,0,0,0
2024-01-01 00:45:00,2.0,0.0,0.0,0,0,0
2024-01-01 01:00:00,2.0,0.0,0.0,0,0,0
2024-01-01 01:15:00,2.0,0.0,0.0,0,0,0
2024-01-01 01:30:00,2.0,0.0,0.0,0,0,0
2024-01-01 01:45:00,2.0,0.0,0.0,0,0,0
2024-01-01 02:00:00,2.0,0.0,0.0,0,0,0
2024-01-01 02:15:00,2.0,0.0,0.0,0,0,0
2024-01-01 02:30:00,2.0,0.0,0.0,0,0,0
2024-01-01 02:45:00,2.0,0.0,0.0,0,0,0
2024-01-01 03:00:00,2.0,0.0,0.0,0,0,0
2024-01-01 03:15:00,2.0,0.0,0.0,0,0,0
2024-01-01 03:30:00,2.0,0.0,0.0,0,0,0
2024-01-01 03:45:00,1.0,0.0,0.0,0,0,0
2024-01-01 04:00:00,2.0,0.0,0.0,0,0,0
2024-01-01 04:15:00,1.0,0.0,0.0,0,0,0
2024-01-01 04:30:00,1.0,0.0,0.0,0,0,0
2024-01-01 04:45:00,1.0,0.0,0.0,0,0,0
2024-01-01 05:00:00,1.0,0.0,0.0,0,0,0
2024-01-01 05:15:00,1.0,0.0,0.0,0,0,0
2024-01-01 05:30:00,1.0,0.0,0.0,0,0,0
2024-01-01 05:45:00,1.0,0.0,0.0,0,0,0
2024-01-01 06:00:00,1.0,0.0,0.0,0,0,0
2024-01-01 06:15:00,1.0,0.7955666666666666,0.7844833333333334,1,1,0
2024-01-01 06:30:00,1.0,0.7999999999999999,0.0,1,0,0
2024-01-01 06:45:00,1.0,0.7999999999999999,0.0,1,0,0
2024-01-01 07:00:00,1.0,0.7999999999999999,0.0,1,0,0
2024-01-01 07:15:00,1.0,0.7999999999999999,0.0,1,0,0
2024-01-01 07:30:00,2.0,0.7999999999999999,0.0,1,0,0
2024-01-01 07:45:00,1.0,0.7999999999999999,0.0,1,0,0
2024-01-01 08:00:00,2.0,0.7999999999999999,0.0,1,0,0
2024-01-01 08:15:00,2.0,0.7999999999999999,0.0,1,0,1
2024-01-01 08:30:00,2.0,0.0,0.0,0,0,0
2024-01-01 08:45:00,2.0,0.0,0.0,0,0,0
2024-01-01 09:00:00,2.0,0.0,0.0,0,0,0
2024-01-01 09:15:00,2.0,0.8,0.7955666666666668,1,1,0
2024-01-01 09:30:00,1.0,0.8,0.0,1,0,0
2024-01-01 09:45:00,3.0,0.8,0.0,1,0,1
2024-01-01 10:00:00,3.0,0.0,0.0,0,0,0
2024-01-01 10:15:00,1.0,0.0,0.0,0,0,0
2024-01-01 10:30:00,1.0,0.0,0.0,0,0,0
2024-01-01 10:45:00,1.0,0.0,0.0,0,0,0
2024-01-01 11:00:00,1.0,0.0,0.0,0,0,0
2024-01-01 11:15:00,1.0,0.0,0.0,0,0,0
2024-01-01 11:30:00,1.0,0.0,0.0,0,0,0
2024-01-01 11:45:00,1.0,0.0,0.0,0,0,0
2024-01-01 12:00:00,1.0,0.0,0.0,0,0,0
2024-01-01 12:15:00,1.0,0.0,0.0,0,0,0
2024-01-01 12:30:00,1.0,0.0,0.0,0,0,0
2024-01-01 12:45:00,1.0,0.0,0.0,0,0,0
2024-01-01 13:00:00,1.0,0.0,0.0,0,0,0
2024-01-01 13:15:00,1.0,0.0,0.0,0,0,0
2024-01-01 13:30:00,1.0,0.0,0.0,0,0,0
2024-01-01 13:45:00,3.0,0.0,0.0,0,0,0
2024-01-01 14:00:00,3.0,0.0,0.0,0,0,0
2024-01-01 14:15:00,1.0,0.0,0.0,0,0,0
2024-01-01 14:30:00,1.0,0.0,0.0,0,0,0
2024-01-01 14:45:00,1.0,0.0,0.0,0,0,0
2024-01-01 15:00:00,1.0,0.0,0.0,0,0,0
2024-01-01 15:15:00,1.0,0.0,0.0,0,0,0
2024-01-01 15:30:00,1.0,0.0,0.0,0,0,0
2024-01-01 15:45:00,1.0,0.0,0.0,0,0,0
2024-01-01 16:00:00,1.0,0.0,0.0,0,0,0
2024-01-01 16:15:00,1.0,0.0,0.0,0,0,0
2024-01-01 16:30:00,1.0,0.0,0.0,0,0,0
2024-01-01 16:45:00,1.0,0.0,0.0,0,0,0
2024-01-01 17:00:00,1.0,0.0,0.0,0,0,0
2024-01-01 17:15:00,1.0,0.0,0.0,0,0,0
2024-01-01 17:30:00,1.0,0.0,0.0,0,0,0
2024-01-01 17:45:00,1.0,0.7645333333333333,0.7534500000000001,1,1,0
2024-01-01 18:00:00,1.0,0.797783333333333,0.0,1,0,0
2024-01-01 18:15:00,1.0,0.7999999999999996,0.0,1,0,0
2024-01-01 18:30:00,1.0,0.7999999999999996,0.0,1,0,0
2024-01-01 18:45:00,3.0,0.7999999999999996,0.0,1,0,0
2024-01-01 19:00:00,1.0,0.7999999999999996,0.0,1,0,0
2024-01-01 19:15:00,3.0,0.7999999999999996,0.0,1,0,0
2024-01-01 19:30:00,3.0,0.7999999999999996,0.0,1,0,0
2024-01-01 19:45:00,1.0,0.7999999999999996,0.0,1,0,0
2024-01-01 20:00:00,1.0,0.7999999999999996,0.0,1,0,0
2024-01-01 20:15:00,1.0,0.7999999999999996,0.0,1,0,0
2024-01-01 20:30:00,1.0,0.7999999999999996,0.0,1,0,0
2024-01-01 20:45:00,1.0,0.7999999999999996,0.0,1,0,0
2024-01-01 21:00:00,1.0,0.7999999999999996,0.0,1,0,0
2024-01-01 21:15:00,1.0,0.7999999999999996,0.0,1,0,0
2024-01-01 21:30:00,1.0,0.7999999999999996,0.0,1,0,0
2024-01-01 21:45:00,1.0,0.7999999999999996,0.0,1,0,0
2024-01-01 22:00:00,1.0,0.7999999999999996,0.0,1,0,0
2024-01-01 22:15:00,2.0,0.7999999999999996,0.0,1,0,0
2024-01-01 22:30:00,2.0,0.7999999999999996,0.0,1,0,0
2024-01-01 22:45:00,2.0,0.7999999999999996,0.0,1,0,0
2024-01-01 23:00:00,2.0,0.7999999999999996,0.0,1,0,0
2024-01-01 23:15:00,2.0,0.7999999999999996,0.0,1,0,0
2024-01-01 23:30:00,2.0,0.7999999999999996,0.0,1,0,0
2024-01-01 23:45:00,2.0,0.7999999999999996,0.0,1,0,0
2024-01-02 00:00:00,2.0,0.7999999999999996,0.0,1,0,0
2024-01-02 00:15:00,2.0,0.7999999999999996,0.0,1,0,0
2024-01-02 00:30:00,2.0,0.7999999999999996,0.0,1,0,0
2024-01-02 00:45:00,2.0,0.7999999999999996,0.0,1,0,0
2024-01-02 01:00:00,2.0,0.7999999999999996,0.0,1,0,0
2024-01-02 01:15:00,2.0,0.7999999999999996,0.0,1,0,0
2024-01-02 01:30:00,2.0,0.7999999999999996,0.0,1,0,0
2024-01-02 01:45:00,2.0,0.7999999999999996,0.0,1,0,0
2024-01-02 02:00:00,2.0,0.7999999999999996,0.0,1,0,0
2024-01-02 02:15:00,2.0,0.7999999999999996,0.0,1,0,0
2024-01-02 02:30:00,2.0,0.7999999999999996,0.0,1,0,1
2024-01-02 02:45:00,2.0,0.0,0.0,0,0,0
2024-01-02 03:00:00,2.0,0.0,0.0,0,0,0
2024-01-02 03:15:00,2.0,0.0,0.0,0,0,0
2024-01-02 03:30:00,2.0,0.0,0.0,0,0,0
2024-01-02 03:45:00,2.0,0.0,0.0,0,0,0
2024-01-02 04:00:00,2.0,0.0,0.0,0,0,0
2024-01-02 04:15:00,1.0,0.0,0.0,0,0,0
2024-01-02 04:30:00,1.0,0.0,0.0,0,0,0
2024-01-02 04:45:00,1.0,0.0,0.0,0,0,0
2024-01-02 05:00:00,2.0,0.0,0.0,0,0,0
2024-01-02 05:15:00,2.0,0.0,0.0,0,0,0
2024-01-02 05:30:00,1.0,0.0,0.0,0,0,0
2024-01-02 05:45:00,2.0,0.0,0.0,0,0,0
2024-01-02 06:00:00,2.0,0.0,0.0,0,0,0
2024-01-02 06:15:00,2.0,0.0,0.0,0,0,0
2024-01-02 06:30:00,2.0,0.7756166666666666,0.7645333333333334,1,1,0
2024-01-02 06:45:00,2.0,0.7999999999999997,0.0,1,0,0
2024-01-02 07:00:00,1.0,0.7999999999999997,0.0,1,0,0
2024-01-02 07:15:00,1.0,0.7999999999999997,0.0,1,0,0
2024-01-02 07:30:00,3.0,0.7999999999999997,0.0,1,0,0
2024-01-02 07:45:00,3.0,0.7999999999999997,0.0,1,0,0
2024-01-02 08:00:00,3.0,0.7999999999999997,0.0,1,0,1
2024-01-02 08:15:00,1.0,0.0,0.0,0,0,0
2024-01-02 08:30:00,1.0,0.0,0.0,0,0,0
2024-01-02 08:45:00,1.0,0.0,0.0,0,0,0
2024-01-02 09:00:00,1.0,0.0,0.0,0,0,0
2024-01-02 09:15:00,1.0,0.0,0.0,0,0,0
2024-01-02 09:30:00,1.0,0.0,0.0,0,0,0
2024-01-02 09:45:00,1.0,0.0,0.0,0,0,0
2024-01-02 10:00:00,1.0,0.0,0.0,0,0,0
2024-01-02 10:15:00,1.0,0.0,0.0,0,0,0
2024-01-02 10:30:00,1.0,0.0,0.0,0,0,0
2024-01-02 10:45:00,1.0,0.0,0.0,0,0,0
2024-01-02 11:00:00,1.0,0.7977833333333332,0.7734000000000001,1,1,0
2024-01-02 11:15:00,1.0,0.7999999999999998,0.0,1,0,0
2024-01-02 11:30:00,1.0,0.7999999999999998,0.0,1,0,0
2024-01-02 11:45:00,1.0,0.7999999999999998,0.0,1,0,0
2024-01-02 12:00:00,1.0,0.7999999999999998,0.0,1,0,0
2024-01-02 12:15:00,1.0,0.7999999999999998,0.0,1,0,0
2024-01-02 12:30:00,1.0,0.7999999999999998,0.0,1,0,0
2024-01-02 12:45:00,1.0,0.7999999999999998,0.0,1,0,0
2024-01-02 13:00:00,1.0,0.7999999999999998,0.0,1,0,0
2024-01-02 13:15:00,3.0,0.7999999999999998,0.0,1,0,0
2024-01-02 13:30:00,3.0,0.7999999999999998,0.0,1,0,0
2024-01-02 13:45:00,3.0,0.7999999999999998,0.0,1,0,0
2024-01-02 14:00:00,3.0,0.7999999999999998,0.0,1,0,0
2024-01-02 14:15:00,1.0,0.7999999999999998,0.0,1,0,0
2024-01-02 14:30:00,1.0,0.7999999999999998,0.0,1,0,0
2024-01-02 14:45:00,1.0,0.7999999999999998,0.0,1,0,0
2024-01-02 15:00:00,1.0,0.7999999999999998,0.0,1,0,0
2024-01-02 15:15:00,1.0,0.7999999999999998,0.0,1,0,0
2024-01-02 15:30:00,1.0,0.7999999999999998,0.0,1,0,0
2024-01-02 15:45:00,3.0,0.7999999999999998,0.0,1,0,0
2024-01-02 16:00:00,3.0,0.7999999999999998,0.0,1,0,0
2024-01-02 16:15:00,1.0,0.7999999999999998,0.0,1,0,0
2024-01-02 16:30:00,1.0,0.7999999999999998,0.0,1,0,0
2024-01-02 16:45:00,1.0,0.7999999999999998,0.0,1,0,1
2024-01-02 17:00:00,1.0,0.0,0.0,0,0,0
2024-01-02 17:15:00,3.0,0.0,0.0,0,0,0
2024-01-02 17:30:00,1.0,0.0,0.0,0,0,0
2024-01-02 17:45:00,1.0,0.0,0.0,0,0,0
2024-01-02 18:00:00,1.0,0.7999999999999999,0.7889166666666667,1,1,0
2024-01-02 18:15:00,1.0,0.7999999999999999,0.0,1,0,0
2024-01-02 18:30:00,1.0,0.7999999999999999,0.0,1,0,0
2024-01-02 18:45:00,1.0,0.7999999999999999,0.0,1,0,0
2024-01-02 19:00:00,1.0,0.7999999999999999,0.0,1,0,0
2024-01-02 19:15:00,1.0,0.7999999999999999,0.0,1,0,0
2024-01-02 19:30:00,1.0,0.7999999999999999,0.0,1,0,0
2024-01-02 19:45:00,1.0,0.7999999999999999,0.0,1,0,0
2024-01-02 20:00:00,1.0,0.7999999999999999,0.0,1,0,0
2024-01-02 20:15:00,1.0,0.7999999999999999,0.0,1,0,0
2024-01-02 20:30:00,1.0,0.7999999999999999,0.0,1,0,0
2024-01-02 20:45:00,2.0,0.7999999999999999,0.0,1,0,0
2024-01-02 21:00:00,1.0,0.7999999999999999,0.0,1,0,0
2024-01-02 21:15:00,2.0,0.7999999999999999,0.0,1,0,0
2024-01-02 21:30:00,1.0,0.7999999999999999,0.0,1,0,0
2024-01-02 21:45:00,1.0,0.7999999999999999,0.0,1,0,0
2024-01-02 22:00:00,1.0,0.7999999999999999,0.0,1,0,0
2024-01-02 22:15:00,1.0,0.7999999999999999,0.0,1,0,0
2024-01-02 22:30:00,2.0,0.7999999999999999,0.0,1,0,0
2024-01-02 22:45:00,2.0,0.7999999999999999,0.0,1,0,0
2024-01-02 23:00:00,2.0,0.7999999999999999,0.0,1,0,0
2024-01-02 23:15:00,2.0,0.7999999999999999,0.0,1,0,0
2024-01-02 23:30:00,2.0,0.7999999999999999,0.0,1,0,0
2024-01-02 23:45:00,2.0,0.7999999999999999,0.0,1,0,0
2024-01-03 00:00:00,2.0,0.7999999999999999,0.0,1,0,0
2024-01-03 00:15:00,2.0,0.7999999999999999,0.0,1,0,0
2024-01-03 00:30:00,2.0,0.7999999999999999,0.0,1,0,0
2024-01-03 00:45:00,2.0,0.7999999999999999,0.0,1,0,0
2024-01-03 01:00:00,2.0,0.7999999999999999,0.0,1,0,0
2024-01-03 01:15:00,2.0,0.7999999999999999,0.0,1,0,0
2024-01-03 01:30:00,2.0,0.7999999999999999,0.0,1,0,0
2024-01-03 01:45:00,2.0,0.7999999999999999,0.0,1,0,0
2024-01-03 02:00:00,2.0,0.7999999999999999,0.0,1,0,0
2024-01-03 02:15:00,2.0,0.7999999999999999,0.0,1,0,0
2024-01-03 02:30:00,2.0,0.7999999999999999,0.0,1,0,0
2024-01-03 02:45:00,2.0,0.7999999999999999,0.0,1,0,0
2024-01-03 03:00:00,2.0,0.7999999999999999,0.0,1,0,0
2024-01-03 03:15:00,2.0,0.7999999999999999,0.0,1,0,0
2024-01-03 03:30:00,2.0,0.7999999999999999,0.0,1,0,0
2024-01-03 03:45:00,1.0,0.7999999999999999,0.0,1,0,0
2024-01-03 04:00:00,1.0,0.7999999999999999,0.0,1,0,0
2024-01-03 04:15:00,1.0,0.7999999999999999,0.0,1,0,0
2024-01-03 04:30:00,1.0,0.7999999999999999,0.0,1,0,0
2024-01-03 04:45:00,2.0,0.7999999999999999,0.0,1,0,0
2024-01-03 05:00:00,2.0,0.7999999999999999,0.0,1,0,0
2024-01-03 05:15:00,2.0,0.7999999999999999,0.0,1,0,0
2024-01-03 05:30:00,2.0,0.7999999999999999,0.0,1,0,0
2024-01-03 05:45:00,2.0,0.7999999999999999,0.0,1,0,1
2024-01-03 06:00:00,2.0,0.0,0.0,0,0,0
2024-01-03 06:15:00,1.0,0.0,0.0,0,0,0
2024-01-03 06:30:00,1.0,0.0,0.0,0,0,0
2024-01-03 06:45:00,1.0,0.0,0.0,0,0,0
2024-01-03 07:00:00,1.0,0.0,0.0,0,0,0
2024-01-03 07:15:00,1.0,0.0,0.0,0,0,0
2024-01-03 07:30:00,1.0,0.0,0.0,0,0,0
2024-01-03 07:45:00,1.0,0.0,0.0,0,0,0
2024-01-03 08:00:00,1.0,0.0,0.0,0,0,0
2024-01-03 08:15:00,1.0,0.0,0.0,0,0,0
2024-01-03 08:30:00,1.0,0.0,0.0,0,0,0
2024-01-03 08:45:00,1.0,0.0,0.0,0,0,0
2024-01-03 09:00:00,3.0,0.0,0.0,0,0,0
2024-01-03 09:15:00,1.0,0.0,0.0,0,0,0
2024-01-03 09:30:00,1.0,0.0,0.0,0,0,0
2024-01-03 09:45:00,1.0,0.0,0.0,0,0,0
2024-01-03 10:00:00,1.0,0.0,0.0,0,0,0
2024-01-03 10:15:00,1.0,0.0,0.0,0,0,0
2024-01-03 10:30:00,1.0,0.0,0.0,0,0,0
2024-01-03 10:45:00,1.0,0.0,0.0,0,0,0
2024-01-03 11:00:00,1.0,0.0,0.0,0,0,0
2024-01-03 11:15:00,1.0,0.0,0.0,0,0,0
2024-01-03 11:30:00,1.0,0.0,0.0,0,0,0
2024-01-03 11:45:00,1.0,0.0,0.0,0,0,0
2024-01-03 12:00:00,1.0,0.0,0.0,0,0,0
2024-01-03 12:15:00,1.0,0.0,0.0,0,0,0
2024-01-03 12:30:00,3.0,0.0,0.0,0,0,0
2024-01-03 12:45:00,3.0,0.0,0.0,0,0,0
2024-01-03 13:00:00,1.0,0.0,0.0,0,0,0
2024-01-03 13:15:00,1.0,0.0,0.0,0,0,0
2024-01-03 13:30:00,1.0,0.0,0.0,0,0,0
2024-01-03 13:45:00,1.0,0.0,0.0,0,0,0
2024-01-03 14:00:00,1.0,0.0,0.0,0,0,0
2024-01-03 14:15:00,1.0,0.0,0.0,0,0,0
2024-01-03 14:30:00,1.0,0.0,0.0,0,0,0
2024-01-03 14:45:00,1.0,0.0,0.0,0,0,0
2024-01-03 15:00:00,3.0,0.0,0.0,0,0,0
2024-01-03 15:15:00,3.0,0.0,0.0,0,0,0
2024-01-03 15:30:00,1.0,0.0,0.0,0,0,0
2024-01-03 15:45:00,3.0,0.0,0.0,0,0,0
2024-01-03 16:00:00,1.0,0.0,0.0,0,0,0
2024-01-03 16:15:00,1.0,0.0,0.0,0,0,0
2024-01-03 16:30:00,1.0,0.0,0.0,0,0,0
2024-01-03 16:45:00,1.0,0.0,0.0,0,0,0
2024-01-03 17:00:00,1.0,0.0,0.0,0,0,0
2024-01-03 17:15:00,1.0,0.0,0.0,0,0,0
2024-01-03 17:30:00,3.0,0.0,0.0,0,0,0
2024-01-03 17:45:00,3.0,0.0,0.0,0,0,0
2024-01-03 18:00:00,1.0,0.0,0.0,0,0,0
2024-01-03 18:15:00,1.0,0.7578833333333331,0.7290666666666668,1,1,0
2024-01-03 18:30:00,1.0,0.7911333333333328,0.0,1,0,0
2024-01-03 18:45:00,1.0,0.7999999999999994,0.0,1,0,0
2024-01-03 19:00:00,1.0,0.7999999999999994,0.0,1,0,0
2024-01-03 19:15:00,1.0,0.7999999999999994,0.0,1,0,0
2024-01-03 19:30:00,1.0,0.7999999999999994,0.0,1,0,0
2024-01-03 19:45:00,3.0,0.7999999999999994,0.0,1,0,0
2024-01-03 20:00:00,1.0,0.7999999999999994,0.0,1,0,0
2024-01-03 20:15:00,1.0,0.7999999999999994,0.0,1,0,0
2024-01-03 20:30:00,1.0,0.7999999999999994,0.0,1,0,0
2024-01-03 20:45:00,1.0,0.7999999999999994,0.0,1,0,0
2024-01-03 21:00:00,1.0,0.7999999999999994,0.0,1,0,0
2024-01-03 21:15:00,1.0,0.7999999999999994,0.0,1,0,0
2024-01-03 21:30:00,1.0,0.7999999999999994,0.0,1,0,0
2024-01-03 21:45:00,1.0,0.7999999999999994,0.0,1,0,0
2024-01-03 22:00:00,1.0,0.7999999999999994,0.0,1,0,0
2024-01-03 22:15:00,1.0,0.7999999999999994,0.0,1,0,0
2024-01-03 22:30:00,1.0,0.7999999999999994,0.0,1,0,0
2024-01-03 22:45:00,1.0,0.7999999999999994,0.0,1,0,0
2024-01-03 23:00:00,2.0,0.7999999999999994,0.0,1,0,0
2024-01-03 23:15:00,2.0,0.7999999999999994,0.0,1,0,0
2024-01-03 23:30:00,2.0,0.7999999999999994,0.0,1,0,0
2024-01-03 23:45:00,2.0,0.7999999999999994,0.0,1,0,0
2024-01-04 00:00:00,2.0,0.7999999999999994,0.0,1,0,0
2024-01-04 00:15:00,2.0,0.7999999999999994,0.0,1,0,0
2024-01-04 00:30:00,2.0,0.7999999999999994,0.0,1,0,0
2024-01-04 00:45:00,2.0,0.7999999999999994,0.0,1,0,0
2024-01-04 01:00:00,2.0,0.7999999999999994,0.0,1,0,0
2024-01-04 01:15:00,2.0,0.7999999999999994,0.0,1,0,0
2024-01-04 01:30:00,2.0,0.7999999999999994,0.0,1,0,0
2024-01-04 01:45:00,2.0,0.7999999999999994,0.0,1,0,0
2024-01-04 02:00:00,2.0,0.7999999999999994,0.0,1,0,0
2024-01-04 02:15:00,2.0,0.7999999999999994,0.0,1,0,0
2024-01-04 02:30:00,2.0,0.7999999999999994,0.0,1,0,0
2024-01-04 02:45:00,2.0,0.7999999999999994,0.0,1,0,0
2024-01-04 03:00:00,2.0,0.7999999999999994,0.0,1,0,0
2024-01-04 03:15:00,2.0,0.7999999999999994,0.0,1,0,0
2024-01-04 03:30:00,2.0,0.7999999999999994,0.0,1,0,0
2024-01-04 03:45:00,2.0,0.7999999999999994,0.0,1,0,0
2024-01-04 04:00:00,1.0,0.7999999999999994,0.0,1,0,0
2024-01-04 04:15:00,1.0,0.7999999999999994,0.0,1,0,0
2024-01-04 04:30:00,1.0,0.7999999999999994,0.0,1,0,0
2024-01-04 04:45:00,1.0,0.7999999999999994,0.0,1,0,0
2024-01-04 05:00:00,2.0,0.7999999999999994,0.0,1,0,0
2024-01-04 05:15:00,1.0,0.7999999999999994,0.0,1,0,0
2024-01-04 05:30:00,1.0,0.7999999999999994,0.0,1,0,0
2024-01-04 05:45:00,2.0,0.7999999999999994,0.0,1,0,0
2024-01-04 06:00:00,1.0,0.7999999999999994,0.0,1,0,1
2024-01-04 06:15:00,2.0,0.0,0.0,0,0,0
2024-01-04 06:30:00,1.0,0.7999999999999999,0.7889166666666667,1,1,0
2024-01-04 06:45:00,1.0,0.7999999999999999,0.0,1,0,0
2024-01-04 07:00:00,1.0,0.7999999999999999,0.0,1,0,0
2024-01-04 07:15:00,1.0,0.7999999999999999,0.0,1,0,0
2024-01-04 07:30:00,1.0,0.7999999999999999,0.0,1,0,0
2024-01-04 07:45:00,1.0,0.7999999999999999,0.0,1,0,0
2024-01-04 08:00:00,1.0,0.7999999999999999,0.0,1,0,0
2024-01-04 08:15:00,1.0,0.7999999999999999,0.0,1,0,0
2024-01-04 08:30:00,1.0,0.7999999999999999,0.0,1,0,1
2024-01-04 08:45:00,1.0,0.0,0.0,0,0,0
2024-01-04 09:00:00,1.0,0.0,0.0,0,0,0
2024-01-04 09:15:00,1.0,0.0,0.0,0,0,0
2024-01-04 09:30:00,1.0,0.0,0.0,0,0,0
2024-01-04 09:45:00,1.0,0.0,0.0,0,0,0
2024-01-04 10:00:00,3.0,0.0,0.0,0,0,0
2024-01-04 10:15:00,1.0,0.0,0.0,0,0,0
2024-01-04 10:30:00,1.0,0.0,0.0,0,0,0
2024-01-04 10:45:00,1.0,0.0,0.0,0,0,0
2024-01-04 11:00:00,1.0,0.7844833333333331,0.7556666666666667,1,1,0
2024-01-04 11:15:00,1.0,0.7999999999999996,0.0,1,0,0
2024-01-04 11:30:00,1.0,0.7999999999999996,0.0,1,0,0
2024-01-04 11:45:00,1.0,0.7999999999999996,0.0,1,0,0
2024-01-04 12:00:00,1.0,0.7999999999999996,0.0,1,0,0
2024-01-04 12:15:00,1.0,0.7999999999999996,0.0,1,0,0
2024-01-04 12:30:00,3.0,0.7999999999999996,0.0,1,0,0
2024-01-04 12:45:00,3.0,0.7999999999999996,0.0,1,0,0
2024-01-04 13:00:00,1.0,0.7999999999999996,0.0,1,0,0
2024-01-04 13:15:00,1.0,0.7999999999999996,0.0,1,0,0
2024-01-04 13:30:00,2.0,0.7999999999999996,0.0,1,0,0
2024-01-04 13:45:00,1.0,0.7999999999999996,0.0,1,0,0
2024-01-04 14:00:00,1.0,0.7999999999999996,0.0,1,0,0
2024-01-04 14:15:00,1.0,0.7999999999999996,0.0,1,0,0
2024-01-04 14:30:00,1.0,0.7999999999999996,0.0,1,0,0
2024-01-04 14:45:00,1.0,0.7999999999999996,0.0,1,0,0
2024-01-04 15:00:00,1.0,0.7999999999999996,0.0,1,0,0
2024-01-04 15:15:00,1.0,0.7999999999999996,0.0,1,0,0
2024-01-04 15:30:00,1.0,0.7999999999999996,0.0,1,0,0
2024-01-04 15:45:00,1.0,0.7999999999999996,0.0,1,0,0
2024-01-04 16:00:00,1.0,0.7999999999999996,0.0,1,0,0
2024-01-04 16:15:00,1.0,0.7999999999999996,0.0,1,0,0
2024-01-04 16:30:00,1.0,0.7999999999999996,0.0,1,0,0
2024-01-04 16:45:00,1.0,0.7999999999999996,0.0,1,0,0
2024-01-04 17:00:00,1.0,0.7999999999999996,0.0,1,0,0
2024-01-04 17:15:00,1.0,0.7999999999999996,0.0,1,0,0
2024-01-04 17:30:00,1.0,0.7999999999999996,0.0,1,0,0
2024-01-04 17:45:00,1.0,0.7999999999999996,0.0,1,0,0
2024-01-04 18:00:00,1.0,0.7999999999999996,0.0,1,0,0
2024-01-04 18:15:00,1.0,0.7999999999999996,0.0,1,0,0
2024-01-04 18:30:00,1.0,0.7999999999999996,0.0,1,0,0
2024-01-04 18:45:00,1.0,0.7999999999999996,0.0,1,0,0
2024-01-04 19:00:00,1.0,0.7999999999999996,0.0,1,0,0
2024-01-04 19:15:00,1.0,0.7999999999999996,0.0,1,0,0
2024-01-04 19:30:00,1.0,0.7999999999999996,0.0,1,0,0
2024-01-04 19:45:00,1.0,0.7999999999999996,0.0,1,0,0
2024-01-04 20:00:00,1.0,0.7999999999999996,0.0,1,0,0
2024-01-04 20:15:00,1.0,0.7999999999999996,0.0,1,0,0
2024-01-04 20:30:00,1.0,0.7999999999999996,0.0,1,0,0
2024-01-04 20:45:00,1.0,0.7999999999999996,0.0,1,0,0
2024-01-04 21:00:00,1.0,0.7999999999999996,0.0,1,0,0
2024-01-04 21:15:00,1.0,0.7999999999999996,0.0,1,0,0
2024-01-04 21:30:00,1.0,0.7999999999999996,0.0,1,0,0
2024-01-04 21:45:00,1.0,0.7999999999999996,0.0,1,0,0
2024-01-04 22:00:00,1.0,0.7999999999999996,0.0,1,0,0
2024-01-04 22:15:00,2.0,0.7999999999999996,0.0,1,0,0
2024-01-04 22:30:00,2.0,0.7999999999999996,0.0,1,0,0
2024-01-04 22:45:00,2.0,0.7999999999999996,0.0,1,0,0
2024-01-04 23:00:00,2.0,0.7999999999999996,0.0,1,0,0
2024-01-04 23:15:00,2.0,0.7999999999999996,0.0,1,0,0
2024-01-04 23:30:00,2.0,0.7999999999999996,0.0,1,0,0
2024-01-04 23:45:00,2.0,0.7999999999999996,0.0,1,0,0
2024-01-05 00:00:00,2.0,0.7999999999999996,0.0,1,0,0
2024-01-05 00:15:00,2.0,0.7999999999999996,0.0,1,0,0
2024-01-05 00:30:00,2.0,0.7999999999999996,0.0,1,0,0
2024-01-05 00:45:00,2.0,0.7999999999999996,0.0,1,0,0
2024-01-05 01:00:00,2.0,0.7999999999999996,0.0,1,0,0
2024-01-05 01:15:00,2.0,0.7999999999999996,0.0,1,0,0
2024-01-05 01:30:00,2.0,0.7999999999999996,0.0,1,0,0
2024-01-05 01:45:00,2.0,0.7999999999999996,0.0,1,0,0
2024-01-05 02:00:00,2.0,0.7999999999999996,0.0,1,0,0
2024-01-05 02:15:00,2.0,0.7999999999999996,0.0,1,0,0
2024-01-05 02:30:00,2.0,0.7999999999999996,0.0,1,0,0
2024-01-05 02:45:00,2.0,0.7999999999999996,0.0,1,0,0
2024-01-05 03:00:00,2.0,0.7999999999999996,0.0,1,0,0
2024-01-05 03:15:00,2.0,0.7999999999999996,0.0,1,0,0
2024-01-05 03:30:00,2.0,0.7999999999999996,0.0,1,0,0
2024-01-05 03:45:00,2.0,0.7999999999999996,0.0,1,0,0
2024-01-05 04:00:00,2.0,0.7999999999999996,0.0,1,0,0
2024-01-05 04:15:00,1.0,0.7999999999999996,0.0,1,0,0
2024-01-05 04:30:00,1.0,0.7999999999999996,0.0,1,0,0
2024-01-05 04:45:00,1.0,0.7999999999999996,0.0,1,0,0
2024-01-05 05:00:00,2.0,0.7999999999999996,0.0,1,0,0
2024-01-05 05:15:00,1.0,0.7999999999999996,0.0,1,0,0
2024-01-05 05:30:00,2.0,0.7999999999999996,0.0,1,0,0
2024-01-05 05:45:00,1.0,0.7999999999999996,0.0,1,0,0
2024-01-05 06:00:00,1.0,0.7999999999999996,0.0,1,0,0
2024-01-05 06:15:00,1.0,0.7999999999999996,0.0,1,0,0
2024-01-05 06:30:00,1.0,0.7999999999999996,0.0,1,0,0
2024-01-05 06:45:00,1.0,0.7999999999999996,0.0,1,0,0
2024-01-05 07:00:00,2.0,0.7999999999999996,0.0,1,0,0
2024-01-05 07:15:00,2.0,0.7999999999999996,0.0,1,0,0
2024-01-05 07:30:00,1.0,0.7999999999999996,0.0,1,0,0
2024-01-05 07:45:00,3.0,0.7999999999999996,0.0,1,0,0
2024-01-05 08:00:00,1.0,0.7999999999999996,0.0,1,0,0
2024-01-05 08:15:00,3.0,0.7999999999999996,0.0,1,0,1
2024-01-05 08:30:00,1.0,0.0,0.0,0,0,0
2024-01-05 08:45:00,1.0,0.0,0.0,0,0,0
2024-01-05 09:00:00,1.0,0.0,0.0,0,0,0
2024-01-05 09:15:00,1.0,0.0,0.0,0,0,0
2024-01-05 09:30:00,1.0,0.0,0.0,0,0,0
2024-01-05 09:45:00,3.0,0.0,0.0,0,0,0
2024-01-05 10:00:00,3.0,0.0,0.0,0,0,0
2024-01-05 10:15:00,1.0,0.0,0.0,0,0,0
2024-01-05 10:30:00,1.0,0.0,0.0,0,0,0
2024-01-05 10:45:00,1.0,0.0,0.0,0,0,0
2024-01-05 11:00:00,1.0,0.0,0.0,0,0,0
2024-01-05 11:15:00,3.0,0.0,0.0,0,0,0
2024-01-05 11:30:00,3.0,0.7623166666666666,0.7578833333333334,1,1,0
2024-01-05 11:45:00,1.0,0.7955666666666663,0.0,1,0,0
2024-01-05 12:00:00,1.0,0.7999999999999996,0.0,1,0,0
2024-01-05 12:15:00,3.0,0.7999999999999996,0.0,1,0,0
2024-01-05 12:30:00,1.0,0.7999999999999996,0.0,1,0,1
2024-01-05 12:45:00,3.0,0.0,0.0,0,0,0
2024-01-05 13:00:00,3.0,0.0,0.0,0,0,0
2024-01-05 13:15:00,3.0,0.0,0.0,0,0,0
2024-01-05 13:30:00,1.0,0.0,0.0,0,0,0
2024-01-05 13:45:00,3.0,0.0,0.0,0,0,0
2024-01-05 14:00:00,2.0,0.0,0.0,0,0,0
2024-01-05 14:15:00,1.0,0.0,0.0,0,0,0
2024-01-05 14:30:00,3.0,0.0,0.0,0,0,0
2024-01-05 14:45:00,3.0,0.0,0.0,0,0,0
2024-01-05 15:00:00,3.0,0.0,0.0,0,0,0
2024-01-05 15:15:00,3.0,0.7977833333333331,0.76675,1,1,0
2024-01-05 15:30:00,1.0,0.7999999999999997,0.0,1,0,0
2024-01-05 15:45:00,1.0,0.7999999999999997,0.0,1,0,0
2024-01-05 16:00:00,1.0,0.7999999999999997,0.0,1,0,0
2024-01-05 16:15:00,1.0,0.7999999999999997,0.0,1,0,0
2024-01-05 16:30:00,1.0,0.7999999999999997,0.0,1,0,0
2024-01-05 16:45:00,1.0,0.7999999999999997,0.0,1,0,0
2024-01-05 17:00:00,1.0,0.7999999999999997,0.0,1,0,0
2024-01-05 17:15:00,1.0,0.7999999999999997,0.0,1,0,0
2024-01-05 17:30:00,1.0,0.7999999999999997,0.0,1,0,0
2024-01-05 17:45:00,1.0,0.7999999999999997,0.0,1,0,0
2024-01-05 18:00:00,1.0,0.7999999999999997,0.0,1,0,0
2024-01-05 18:15:00,1.0,0.7999999999999997,0.0,1,0,0
2024-01-05 18:30:00,1.0,0.7999999999999997,0.0,1,0,0
2024-01-05 18:45:00,1.0,0.7999999999999997,0.0,1,0,0
2024-01-05 19:00:00,1.0,0.7999999999999997,0.0,1,0,0
2024-01-05 19:15:00,1.0,0.7999999999999997,0.0,1,0,0
2024-01-05 19:30:00,1.0,0.7999999999999997,0.0,1,0,0
2024-01-05 19:45:00,1.0,0.7999999999999997,0.0,1,0,0
2024-01-05 20:00:00,1.0,0.7999999999999997,0.0,1,0,0
2024-01-05 20:15:00,1.0,0.7999999999999997,0.0,1,0,0
2024-01-05 20:30:00,1.0,0.7999999999999997,0.0,1,0,0
2024-01-05 20:45:00,1.0,0.7999999999999997,0.0,1,0,0
2024-01-05 21:00:00,1.0,0.7999999999999997,0.0,1,0,0
2024-01-05 21:15:00,1.0,0.7999999999999997,0.0,1,0,0
2024-01-05 21:30:00,1.0,0.7999999999999997,0.0,1,0,0
2024-01-05 21:45:00,1.0,0.7999999999999997,0.0,1,0,0
2024-01-05 22:00:00,1.0,0.7999999999999997,0.0,1,0,0
2024-01-05 22:15:00,1.0,0.7999999999999997,0.0,1,0,0
2024-01-05 22:30:00,2.0,0.7999999999999997,0.0,1,0,0
2024-01-05 22:45:00,2.0,0.7999999999999997,0.0,1,0,0
2024-01-05 23:00:00,2.0,0.7999999999999997,0.0,1,0,0
2024-01-05 23:15:00,2.0,0.7999999999999997,0.0,1,0,0
2024-01-05 23:30:00,2.0,0.7999999999999997,0.0,1,0,0
2024-01-05 23:45:00,2.0,0.7999999999999997,0.0,1,0,0
2024-01-06 00:00:00,2.0,0.7999999999999997,0.0,1,0,0
2024-01-06 00:15:00,2.0,0.7999999999999997,0.0,1,0,1
2024-01-06 00:30:00,2.0,0.0,0.0,0,0,0
2024-01-06 00:45:00,2.0,0.0,0.0,0,0,0
2024-01-06 01:00:00,2.0,0.0,0.0,0,0,0
2024-01-06 01:15:00,2.0,0.0,0.0,0,0,0
2024-01-06 01:30:00,2.0,0.0,0.0,0,0,0
2024-01-06 01:45:00,2.0,0.0,0.0,0,0,0
2024-01-06 02:00:00,2.0,0.0,0.0,0,0,0
2024-01-06 02:15:00,2.0,0.0,0.0,0,0,0
2024-01-06 02:30:00,2.0,0.0,0.0,0,0,0
2024-01-06 02:45:00,2.0,0.0,0.0,0,0,0
2024-01-06 03:00:00,2.0,0.0,0.0,0,0,0
2024-01-06 03:15:00,2.0,0.0,0.0,0,0,0
2024-01-06 03:30:00,2.0,0.0,0.0,0,0,0
2024-01-06 03:45:00,2.0,0.0,0.0,0,0,0
2024-01-06 04:00:00,2.0,0.0,0.0,0,0,0
2024-01-06 04:15:00,1.0,0.0,0.0,0,0,0
2024-01-06 04:30:00,1.0,0.0,0.0,0,0,0
2024-01-06 04:45:00,2.0,0.0,0.0,0,0,0
2024-01-06 05:00:00,2.0,0.0,0.0,0,0,0
2024-01-06 05:15:00,1.0,0.0,0.0,0,0,0
2024-01-06 05:30:00,1.0,0.0,0.0,0,0,0
2024-01-06 05:45:00,1.0,0.0,0.0,0,0,0
2024-01-06 06:00:00,1.0,0.0,0.0,0,0,0
2024-01-06 06:15:00,1.0,0.0,0.0,0,0,0
2024-01-06 06:30:00,1.0,0.0,0.0,0,0,0
2024-01-06 06:45:00,1.0,0.0,0.0,0,0,0
2024-01-06 07:00:00,1.0,0.0,0.0,0,0,0
2024-01-06 07:15:00,1.0,0.0,0.0,0,0,0
2024-01-06 07:30:00,1.0,0.7800499999999998,0.7512333333333334,1,1,0
2024-01-06 07:45:00,1.0,0.7999999999999996,0.0,1,0,0
2024-01-06 08:00:00,2.0,0.7999999999999996,0.0,1,0,0
2024-01-06 08:15:00,1.0,0.7999999999999996,0.0,1,0,0
2024-01-06 08:30:00,1.0,0.7999999999999996,0.0,1,0,0
2024-01-06 08:45:00,1.0,0.7999999999999996,0.0,1,0,0
2024-01-06 09:00:00,1.0,0.7999999999999996,0.0,1,0,0
2024-01-06 09:15:00,1.0,0.7999999999999996,0.0,1,0,0
2024-01-06 09:30:00,1.0,0.7999999999999996,0.0,1,0,1
2024-01-06 09:45:00,1.0,0.0,0.0,0,0,0
2024-01-06 10:00:00,1.0,0.0,0.0,0,0,0
2024-01-06 10:15:00,1.0,0.0,0.0,0,0,0
2024-01-06 10:30:00,1.0,0.0,0.0,0,0,0
2024-01-06 10:45:00,1.0,0.0,0.0,0,0,0
2024-01-06 11:00:00,1.0,0.0,0.0,0,0,0
2024-01-06 11:15:00,1.0,0.0,0.0,0,0,0
2024-01-06 11:30:00,1.0,0.0,0.0,0,0,0
2024-01-06 11:45:00,1.0,0.7999999999999999,0.7844833333333334,1,1,0
2024-01-06 12:00:00,1.0,0.7999999999999999,0.0,1,0,0
2024-01-06 12:15:00,1.0,0.7999999999999999,0.0,1,0,0
2024-01-06 12:30:00,1.0,0.7999999999999999,0.0,1,0,0
2024-01-06 12:45:00,1.0,0.7999999999999999,0.0,1,0,0
2024-01-06 13:00:00,1.0,0.7999999999999999,0.0,1,0,0
2024-01-06 13:15:00,1.0,0.7999999999999999,0.0,1,0,0
2024-01-06 13:30:00,2.0,0.7999999999999999,0.0,1,0,0
2024-01-06 13:45:00,1.0,0.7999999999999999,0.0,1,0,1
2024-01-06 14:00:00,2.0,0.0,0.0,0,0,0
2024-01-06 14:15:00,1.0,0.0,0.0,0,0,0
2024-01-06 14:30:00,1.0,0.0,0.0,0,0,0
2024-01-06 14:45:00,1.0,0.0,0.0,0,0,0
2024-01-06 15:00:00,1.0,0.0,0.0,0,0,0
2024-01-06 15:15:00,1.0,0.0,0.0,0,0,0
2024-01-06 15:30:00,1.0,0.0,0.0,0,0,0
2024-01-06 15:45:00,1.0,0.0,0.0,0,0,0
2024-01-06 16:00:00,1.0,0.0,0.0,0,0,0
2024-01-06 16:15:00,1.0,0.0,0.0,0,0,0
2024-01-06 16:30:00,1.0,0.0,0.0,0,0,0
2024-01-06 16:45:00,1.0,0.0,0.0,0,0,0
2024-01-06 17:00:00,1.0,0.7867,0.7778333333333334,1,1,0
2024-01-06 17:15:00,1.0,0.7999999999999998,0.0,1,0,0
2024-01-06 17:30:00,1.0,0.7999999999999998,0.0,1,0,0
2024-01-06 17:45:00,1.0,0.7999999999999998,0.0,1,0,0
2024-01-06 18:00:00,1.0,0.7999999999999998,0.0,1,0,0
2024-01-06 18:15:00,1.0,0.7999999999999998,0.0,1,0,0
2024-01-06 18:30:00,1.0,0.7999999999999998,0.0,1,0,0
2024-01-06 18:45:00,1.0,0.7999999999999998,0.0,1,0,0
2024-01-06 19:00:00,1.0,0.7999999999999998,0.0,1,0,0
2024-01-06 19:15:00,3.0,0.7999999999999998,0.0,1,0,0
2024-01-06 19:30:00,1.0,0.7999999999999998,0.0,1,0,0
2024-01-06 19:45:00,1.0,0.7999999999999998,0.0,1,0,0
2024-01-06 20:00:00,1.0,0.7999999999999998,0.0,1,0,0
2024-01-06 20:15:00,1.0,0.7999999999999998,0.0,1,0,0
2024-01-06 20:30:00,1.0,0.7999999999999998,0.0,1,0,0
2024-01-06 20:45:00,1.0,0.7999999999999998,0.0,1,0,0
2024-01-06 21:00:00,1.0,0.7999999999999998,0.0,1,0,0
2024-01-06 21:15:00,1.0,0.7999999999999998,0.0,1,0,0
2024-01-06 21:30:00,1.0,0.7999999999999998,0.0,1,0,0
2024-01-06 21:45:00,2.0,0.7999999999999998,0.0,1,0,0
2024-01-06 22:00:00,2.0,0.7999999999999998,0.0,1,0,0
2024-01-06 22:15:00,2.0,0.7999999999999998,0.0,1,0,0
2024-01-06 22:30:00,2.0,0.7999999999999998,0.0,1,0,0
2024-01-06 22:45:00,2.0,0.7999999999999998,0.0,1,0,0
2024-01-06 23:00:00,2.0,0.7999999999999998,0.0,1,0,0
2024-01-06 23:15:00,1.0,0.7999999999999998,0.0,1,0,0
2024-01-06 23:30:00,1.0,0.7999999999999998,0.0,1,0,0
2024-01-06 23:45:00,1.0,0.7999999999999998,0.0,1,0,0
2024-01-07 00:00:00,1.0,0.7999999999999998,0.0,1,0,0
2024-01-07 00:15:00,1.0,0.7999999999999998,0.0,1,0,0
2024-01-07 00:30:00,2.0,0.7999999999999998,0.0,1,0,0
2024-01-07 00:45:00,2.0,0.7999999999999998,0.0,1,0,0
2024-01-07 01:00:00,2.0,0.7999999999999998,0.0,1,0,0
2024-01-07 01:15:00,2.0,0.7999999999999998,0.0,1,0,0
2024-01-07 01:30:00,2.0,0.7999999999999998,0.0,1,0,0
2024-01-07 01:45:00,2.0,0.7999999999999998,0.0,1,0,0
2024-01-07 02:00:00,2.0,0.7999999999999998,0.0,1,0,0
2024-01-07 02:15:00,2.0,0.7999999999999998,0.0,1,0,0
2024-01-07 02:30:00,2.0,0.7999999999999998,0.0,1,0,0
2024-01-07 02:45:00,2.0,0.7999999999999998,0.0,1,0,0
2024-01-07 03:00:00,2.0,0.7999999999999998,0.0,1,0,0
2024-01-07 03:15:00,2.0,0.7999999999999998,0.0,1,0,0
2024-01-07 03:30:00,2.0,0.7999999999999998,0.0,1,0,0
2024-01-07 03:45:00,1.0,0.7999999999999998,0.0,1,0,0
2024-01-07 04:00:00,2.0,0.7999999999999998,0.0,1,0,0
2024-01-07 04:15:00,1.0,0.7999999999999998,0.0,1,0,0
2024-01-07 04:30:00,1.0,0.7999999999999998,0.0,1,0,0
2024-01-07 04:45:00,2.0,0.7999999999999998,0.0,1,0,0
2024-01-07 05:00:00,1.0,0.7999999999999998,0.0,1,0,0
2024-01-07 05:15:00,1.0,0.7999999999999998,0.0,1,0,1
2024-01-07 05:30:00,1.0,0.0,0.0,0,0,0
2024-01-07 05:45:00,1.0,0.0,0.0,0,0,0
2024-01-07 06:00:00,1.0,0.0,0.0,0,0,0
2024-01-07 06:15:00,2.0,0.0,0.0,0,0,0
2024-01-07 06:30:00,2.0,0.0,0.0,0,0,0
2024-01-07 06:45:00,1.0,0.7999999999999999,0.7867000000000001,1,1,0
2024-01-07 07:00:00,2.0,0.7999999999999999,0.0,1,0,0
2024-01-07 07:15:00,1.0,0.7999999999999999,0.0,1,0,0
2024-01-07 07:30:00,1.0,0.7999999999999999,0.0,1,0,0
2024-01-07 07:45:00,1.0,0.7999999999999999,0.0,1,0,1
2024-01-07 08:00:00,1.0,0.0,0.0,0,0,0
2024-01-07 08:15:00,1.0,0.0,0.0,0,0,0
2024-01-07 08:30:00,1.0,0.0,0.0,0,0,0
2024-01-07 08:45:00,1.0,0.0,0.0,0,0,0
2024-01-07 09:00:00,1.0,0.0,0.0,0,0,0
2024-01-07 09:15:00,2.0,0.0,0.0,0,0,0
2024-01-07 09:30:00,1.0,0.0,0.0,0,0,0
2024-01-07 09:45:00,1.0,0.0,0.0,0,0,0
2024-01-07 10:00:00,1.0,0.0,0.0,0,0,0
2024-01-07 10:15:00,1.0,0.0,0.0,0,0,0
2024-01-07 10:30:00,1.0,0.7955666666666665,0.7734000000000001,1,1,0
2024-01-07 10:45:00,1.0,0.7999999999999998,0.0,1,0,0
2024-01-07 11:00:00,1.0,0.7999999999999998,0.0,1,0,1
2024-01-07 11:15:00,1.0,0.0,0.0,0,0,0
2024-01-07 11:30:00,1.0,0.0,0.0,0,0,0
2024-01-07 11:45:00,1.0,0.0,0.0,0,0,0
2024-01-07 12:00:00,1.0,0.0,0.0,0,0,0
2024-01-07 12:15:00,1.0,0.0,0.0,0,0,0
2024-01-07 12:30:00,1.0,0.0,0.0,0,0,0
2024-01-07 12:45:00,1.0,0.0,0.0,0,0,0
2024-01-07 13:00:00,1.0,0.0,0.0,0,0,0
2024-01-07 13:15:00,1.0,0.0,0.0,0,0,0
2024-01-07 13:30:00,1.0,0.0,0.0,0,0,0
2024-01-07 13:45:00,1.0,0.0,0.0,0,0,0
2024-01-07 14:00:00,1.0,0.0,0.0,0,0,0
2024-01-07 14:15:00,1.0,0.0,0.0,0,0,0
2024-01-07 14:30:00,1.0,0.0,0.0,0,0,0
2024-01-07 14:45:00,1.0,0.0,0.0,0,0,0
2024-01-07 15:00:00,1.0,0.0,0.0,0,0,0
2024-01-07 15:15:00,1.0,0.0,0.0,0,0,0
2024-01-07 15:30:00,1.0,0.0,0.0,0,0,0
2024-01-07 15:45:00,1.0,0.0,0.0,0,0,0
2024-01-07 16:00:00,1.0,0.0,0.0,0,0,0
2024-01-07 16:15:00,1.0,0.0,0.0,0,0,0
2024-01-07 16:30:00,3.0,0.7689666666666665,0.7468,1,1,0
2024-01-07 16:45:00,1.0,0.7999999999999995,0.0,1,0,0
2024-01-07 17:00:00,1.0,0.7999999999999995,0.0,1,0,0
2024-01-07 17:15:00,1.0,0.7999999999999995,0.0,1,0,0
2024-01-07 17:30:00,1.0,0.7999999999999995,0.0,1,0,0
2024-01-07 17:45:00,1.0,0.7999999999999995,0.0,1,0,0
2024-01-07 18:00:00,1.0,0.7999999999999995,0.0,1,0,0
2024-01-07 18:15:00,1.0,0.7999999999999995,0.0,1,0,0
2024-01-07 18:30:00,1.0,0.7999999999999995,0.0,1,0,0
2024-01-07 18:45:00,1.0,0.7999999999999995,0.0,1,0,0
2024-01-07 19:00:00,3.0,0.7999999999999995,0.0,1,0,0
2024-01-07 19:15:00,1.0,0.7999999999999995,0.0,1,0,0
2024-01-07 19:30:00,1.0,0.7999999999999995,0.0,1,0,0
2024-01-07 19:45:00,1.0,0.7999999999999995,0.0,1,0,0
2024-01-07 20:00:00,1.0,0.7999999999999995,0.0,1,0,0
2024-01-07 20:15:00,1.0,0.7999999999999995,0.0,1,0,0
2024-01-07 20:30:00,1.0,0.7999999999999995,0.0,1,0,0
2024-01-07 20:45:00,1.0,0.7999999999999995,0.0,1,0,0
2024-01-07 21:00:00,1.0,0.7999999999999995,0.0,1,0,0
2024-01-07 21:15:00,1.0,0.7999999999999995,0.0,1,0,0
2024-01-07 21:30:00,1.0,0.7999999999999995,0.0,1,0,0
2024-01-07 21:45:00,1.0,0.7999999999999995,0.0,1,0,0
2024-01-07 22:00:00,2.0,0.7999999999999995,0.0,1,0,0
2024-01-07 22:15:00,2.0,0.7999999999999995,0.0,1,0,0
2024-01-07 22:30:00,2.0,0.7999999999999995,0.0,1,0,0
2024-01-07 22:45:00,2.0,0.7999999999999995,0.0,1,0,0
2024-01-07 23:00:00,1.0,0.7999999999999995,0.0,1,0,0
2024-01-07 23:15:00,2.0,0.7999999999999995,0.0,1,0,0
2024-01-07 23:30:00,2.0,0.7999999999999995,0.0,1,0,0
2024-01-07 23:45:00,2.0,0.7999999999999995,0.0,1,0,1
2024-01-08 00:00:00,2.0,0.0,0.0,0,0,0
2024-01-08 00:15:00,2.0,0.0,0.0,0,0,0
2024-01-08 00:30:00,2.0,0.0,0.0,0,0,0
2024-01-08 00:45:00,2.0,0.0,0.0,0,0,0
2024-01-08 01:00:00,2.0,0.0,0.0,0,0,0
2024-01-08 01:15:00,2.0,0.0,0.0,0,0,0
2024-01-08 01:30:00,2.0,0.0,0.0,0,0,0
2024-01-08 01:45:00,2.0,0.0,0.0,0,0,0
2024-01-08 02:00:00,2.0,0.0,0.0,0,0,0
2024-01-08 02:15:00,2.0,0.0,0.0,0,0,0
2024-01-08 02:30:00,2.0,0.0,0.0,0,0,0
2024-01-08 02:45:00,2.0,0.0,0.0,0,0,0
2024-01-08 03:00:00,2.0,0.0,0.0,0,0,0
2024-01-08 03:15:00,2.0,0.0,0.0,0,0,0
2024-01-08 03:30:00,2.0,0.0,0.0,0,0,0
2024-01-08 03:45:00,1.0,0.0,0.0,0,0,0
2024-01-08 04:00:00,2.0,0.0,0.0,0,0,0
2024-01-08 04:15:00,1.0,0.0,0.0,0,0,0
2024-01-08 04:30:00,1.0,0.0,0.0,0,0,0
2024-01-08 04:45:00,1.0,0.0,0.0,0,0,0
2024-01-08 05:00:00,1.0,0.0,0.0,0,0,0
2024-01-08 05:15:00,1.0,0.0,0.0,0,0,0
2024-01-08 05:30:00,1.0,0.0,0.0,0,0,0
2024-01-08 05:45:00,1.0,0.0,0.0,0,0,0
2024-01-08 06:00:00,1.0,0.0,0.0,0,0,0
2024-01-08 06:15:00,1.0,0.0,0.0,0,0,0
2024-01-08 06:30:00,1.0,0.0,0.0,0,0,0
2024-01-08 06:45:00,1.0,0.0,0.0,0,0,0
2024-01-08 07:00:00,1.0,0.0,0.0,0,0,0
2024-01-08 07:15:00,1.0,0.0,0.0,0,0,0
2024-01-08 07:30:00,2.0,0.0,0.0,0,0,0
2024-01-08 07:45:00,1.0,0.0,0.0,0,0,0
2024-01-08 08:00:00,2.0,0.0,0.0,0,0,0
2024-01-08 08:15:00,2.0,0.0,0.0,0,0,0
2024-01-08 08:30:00,2.0,0.0,0.0,0,0,0
2024-01-08 08:45:00,2.0,0.0,0.0,0,0,0
2024-01-08 09:00:00,2.0,0.0,0.0,0,0,0
2024-01-08 09:15:00,2.0,0.0,0.0,0,0,0
2024-01-08 09:30:00,1.0,0.0,0.0,0,0,0
2024-01-08 09:45:00,3.0,0.0,0.0,0,0,0
2024-01-08 10:00:00,3.0,0.0,0.0,0,0,0
2024-01-08 10:15:00,1.0,0.0,0.0,0,0,0
2024-01-08 10:30:00,1.0,0.0,0.0,0,0,0
2024-01-08 10:45:00,1.0,0.0,0.0,0,0,0
2024-01-08 11:00:00,1.0,0.0,0.0,0,0,0
2024-01-08 11:15:00,1.0,0.0,0.0,0,0,0
2024-01-08 11:30:00,1.0,0.0,0.0,0,0,0
2024-01-08 11:45:00,1.0,0.0,0.0,0,0,0
2024-01-08 12:00:00,1.0,0.0,0.0,0,0,0
2024-01-08 12:15:00,1.0,0.0,0.0,0,0,0
2024-01-08 12:30:00,1.0,0.0,0.0,0,0,0
2024-01-08 12:45:00,1.0,0.0,0.0,0,0,0
2024-01-08 13:00:00,1.0,0.0,0.0,0,0,0
2024-01-08 13:15:00,1.0,0.0,0.0,0,0,0
2024-01-08 13:30:00,1.0,0.0,0.0,0,0,0
2024-01-08 13:45:00,3.0,0.0,0.0,0,0,0
2024-01-08 14:00:00,3.0,0.0,0.0,0,0,0
2024-01-08 14:15:00,1.0,0.0,0.0,0,0,0
2024-01-08 14:30:00,1.0,0.0,0.0,0,0,0
2024-01-08 14:45:00,1.0,0.0,0.0,0,0,0
2024-01-08 15:00:00,1.0,0.0,0.0,0,0,0
2024-01-08 15:15:00,1.0,0.0,0.0,0,0,0
2024-01-08 15:30:00,1.0,0.0,0.0,0,0,0
2024-01-08 15:45:00,1.0,0.0,0.0,0,0,0
2024-01-08 16:00:00,1.0,0.0,0.0,0,0,0
2024-01-08 16:15:00,1.0,0.0,0.0,0,0,0
2024-01-08 16:30:00,1.0,0.0,0.0,0,0,0
2024-01-08 16:45:00,1.0,0.0,0.0,0,0,0
2024-01-08 17:00:00,1.0,0.0,0.0,0,0,0
2024-01-08 17:15:00,1.0,0.0,0.0,0,0,0
2024-01-08 17:30:00,1.0,0.0,0.0,0,0,0
2024-01-08 17:45:00,1.0,0.7623166666666666,0.7512333333333334,1,1,0
2024-01-08 18:00:00,1.0,0.7955666666666663,0.0,1,0,0
2024-01-08 18:15:00,1.0,0.7999999999999996,0.0,1,0,0
2024-01-08 18:30:00,1.0,0.7999999999999996,0.0,1,0,0
2024-01-08 18:45:00,3.0,0.7999999999999996,0.0,1,0,0
2024-01-08 19:00:00,1.0,0.7999999999999996,0.0,1,0,0
2024-01-08 19:15:00,3.0,0.7999999999999996,0.0,1,0,0
2024-01-08 19:30:00,3.0,0.7999999999999996,0.0,1,0,0
2024-01-08 19:45:00,1.0,0.7999999999999996,0.0,1,0,0
2024-01-08 20:00:00,1.0,0.7999999999999996,0.0,1,0,0
2024-01-08 20:15:00,1.0,0.7999999999999996,0.0,1,0,0
2024-01-08 20:30:00,1.0,0.7999999999999996,0.0,1,0,0
2024-01-08 20:45:00,1.0,0.7999999999999996,0.0,1,0,0
2024-01-08 21:00:00,1.0,0.7999999999999996,0.0,1,0,0
2024-01-08 21:15:00,1.0,0.7999999999999996,0.0,1,0,0
2024-01-08 21:30:00,1.0,0.7999999999999996,0.0,1,0,0
2024-01-08 21:45:00,1.0,0.7999999999999996,0.0,1,0,0
2024-01-08 22:00:00,1.0,0.7999999999999996,0.0,1,0,0
2024-01-08 22:15:00,2.0,0.7999999999999996,0.0,1,0,0
2024-01-08 22:30:00,2.0,0.7999999999999996,0.0,1,0,0
2024-01-08 22:45:00,2.0,0.7999999999999996,0.0,1,0,0
2024-01-08 23:00:00,2.0,0.7999999999999996,0.0,1,0,0
2024-01-08 23:15:00,2.0,0.7999999999999996,0.0,1,0,0
2024-01-08 23:30:00,2.0,0.7999999999999996,0.0,1,0,0
2024-01-08 23:45:00,2.0,0.7999999999999996,0.0,1,0,0
2024-01-09 00:00:00,2.0,0.7999999999999996,0.0,1,0,0
2024-01-09 00:15:00,2.0,0.7999999999999996,0.0,1,0,0
2024-01-09 00:30:00,2.0,0.7999999999999996,0.0,1,0,0
2024-01-09 00:45:00,2.0,0.7999999999999996,0.0,1,0,0
2024-01-09 01:00:00,2.0,0.7999999999999996,0.0,1,0,0
2024-01-09 01:15:00,2.0,0.7999999999999996,0.0,1,0,0
2024-01-09 01:30:00,2.0,0.7999999999999996,0.0,1,0,0
2024-01-09 01:45:00,2.0,0.7999999999999996,0.0,1,0,0
2024-01-09 02:00:00,2.0,0.7999999999999996,0.0,1,0,0
2024-01-09 02:15:00,2.0,0.7999999999999996,0.0,1,0,0
2024-01-09 02:30:00,2.0,0.7999999999999996,0.0,1,0,1
2024-01-09 02:45:00,2.0,0.0,0.0,0,0,0
2024-01-09 03:00:00,2.0,0.0,0.0,0,0,0
2024-01-09 03:15:00,2.0,0.0,0.0,0,0,0
2024-01-09 03:30:00,2.0,0.0,0.0,0,0,0
2024-01-09 03:45:00,2.0,0.0,0.0,0,0,0
2024-01-09 04:00:00,2.0,0.0,0.0,0,0,0
2024-01-09 04:15:00,1.0,0.0,0.0,0,0,0
2024-01-09 04:30:00,1.0,0.0,0.0,0,0,0
2024-01-09 04:45:00,1.0,0.0,0.0,0,0,0
2024-01-09 05:00:00,2.0,0.0,0.0,0,0,0
2024-01-09 05:15:00,2.0,0.0,0.0,0,0,0
2024-01-09 05:30:00,1.0,0.0,0.0,0,0,0
2024-01-09 05:45:00,2.0,0.0,0.0,0,0,0
2024-01-09 06:00:00,2.0,0.0,0.0,0,0,0
2024-01-09 06:15:00,2.0,0.0,0.0,0,0,0
2024-01-09 06:30:00,2.0,0.7756166666666666,0.7645333333333334,1,1,0
2024-01-09 06:45:00,2.0,0.7999999999999997,0.0,1,0,0
2024-01-09 07:00:00,1.0,0.7999999999999997,0.0,1,0,0
2024-01-09 07:15:00,1.0,0.7999999999999997,0.0,1,0,0
2024-01-09 07:30:00,3.0,0.7999999999999997,0.0,1,0,0
2024-01-09 07:45:00,3.0,0.7999999999999997,0.0,1,0,0
2024-01-09 08:00:00,3.0,0.7999999999999997,0.0,1,0,1
2024-01-09 08:15:00,1.0,0.0,0.0,0,0,0
2024-01-09 08:30:00,1.0,0.0,0.0,0,0,0
2024-01-09 08:45:00,1.0,0.0,0.0,0,0,0
2024-01-09 09:00:00,1.0,0.0,0.0,0,0,0
2024-01-09 09:15:00,1.0,0.0,0.0,0,0,0
2024-01-09 09:30:00,1.0,0.0,0.0,0,0,0
2024-01-09 09:45:00,1.0,0.0,0.0,0,0,0
2024-01-09 10:00:00,1.0,0.0,0.0,0,0,0
2024-01-09 10:15:00,1.0,0.0,0.0,0,0,0
2024-01-09 10:30:00,1.0,0.0,0.0,0,0,0
2024-01-09 10:45:00,1.0,0.0,0.0,0,0,0
2024-01-09 11:00:00,1.0,0.7977833333333332,0.7734000000000001,1,1,0
2024-01-09 11:15:00,1.0,0.7999999999999998,0.0,1,0,0
2024-01-09 11:30:00,1.0,0.7999999999999998,0.0,1,0,0
2024-01-09 11:45:00,1.0,0.7999999999999998,0.0,1,0,0
2024-01-09 12:00:00,1.0,0.7999999999999998,0.0,1,0,0
2024-01-09 12:15:00,1.0,0.7999999999999998,0.0,1,0,0
2024-01-09 12:30:00,1.0,0.7999999999999998,0.0,1,0,0
2024-01-09 12:45:00,1.0,0.7999999999999998,0.0,1,0,0
2024-01-09 13:00:00,1.0,0.7999999999999998,0.0,1,0,0
2024-01-09 13:15:00,3.0,0.7999999999999998,0.0,1,0,0
2024-01-09 13:30:00,3.0,0.7999999999999998,0.0,1,0,0
2024-01-09 13:45:00,3.0,0.7999999999999998,0.0,1,0,0
2024-01-09 14:00:00,3.0,0.7999999999999998,0.0,1,0,0
2024-01-09 14:15:00,1.0,0.7999999999999998,0.0,1,0,1
2024-01-09 14:30:00,1.0,0.0,0.0,0,0,0
2024-01-09 14:45:00,1.0,0.0,0.0,0,0,0
2024-01-09 15:00:00,1.0,0.0,0.0,0,0,0
2024-01-09 15:15:00,1.0,0.0,0.0,0,0,0
2024-01-09 15:30:00,1.0,0.79335,0.7889166666666667,1,1,0
2024-01-09 15:45:00,3.0,0.7999999999999999,0.0,1,0,0
2024-01-09 16:00:00,3.0,0.7999999999999999,0.0,1,0,0
2024-01-09 16:15:00,1.0,0.7999999999999999,0.0,1,0,0
2024-01-09 16:30:00,1.0,0.7999999999999999,0.0,1,0,0
2024-01-09 16:45:00,1.0,0.7999999999999999,0.0,1,0,1
2024-01-09 17:00:00,1.0,0.0,0.0,0,0,0
2024-01-09 17:15:00,3.0,0.0,0.0,0,0,0
2024-01-09 17:30:00,1.0,0.0,0.0,0,0,0
2024-01-09 17:45:00,1.0,0.0,0.0,0,0,0
2024-01-09 18:00:00,1.0,0.7999999999999999,0.7889166666666667,1,1,0
2024-01-09 18:15:00,1.0,0.7999999999999999,0.0,1,0,0
2024-01-09 18:30:00,1.0,0.7999999999999999,0.0,1,0,0
2024-01-09 18:45:00,1.0,0.7999999999999999,0.0,1,0,0
2024-01-09 19:00:00,1.0,0.7999999999999999,0.0,1,0,0
2024-01-09 19:15:00,1.0,0.7999999999999999,0.0,1,0,0
2024-01-09 19:30:00,1.0,0.7999999999999999,0.0,1,0,0
2024-01-09 19:45:00,1.0,0.7999999999999999,0.0,1,0,0
2024-01-09 20:00:00,1.0,0.7999999999999999,0.0,1,0,0
2024-01-09 20:15:00,1.0,0.7999999999999999,0.0,1,0,0
2024-01-09 20:30:00,1.0,0.7999999999999999,0.0,1,0,0
2024-01-09 20:45:00,2.0,0.7999999999999999,0.0,1,0,0
2024-01-09 21:00:00,1.0,0.7999999999999999,0.0,1,0,0
2024-01-09 21:15:00,2.0,0.7999999999999999,0.0,1,0,0
2024-01-09 21:30:00,1.0,0.7999999999999999,0.0,1,0,0
2024-01-09 21:45:00,1.0,0.7999999999999999,0.0,1,0,0
2024-01-09 22:00:00,1.0,0.7999999999999999,0.0,1,0,0
2024-01-09 22:15:00,1.0,0.7999999999999999,0.0,1,0,0
2024-01-09 22:30:00,2.0,0.7999999999999999,0.0,1,0,0
2024-01-09 22:45:00,2.0,0.7999999999999999,0.0,1,0,0
2024-01-09 23:00:00,2.0,0.7999999999999999,0.0,1,0,0
2024-01-09 23:15:00,2.0,0.7999999999999999,0.0,1,0,0
2024-01-09 23:30:00,2.0,0.7999999999999999,0.0,1,0,0
2024-01-09 23:45:00,2.0,0.7999999999999999,0.0,1,0,0
2024-01-10 00:00:00,2.0,0.7999999999999999,0.0,1,0,0
2024-01-10 00:15:00,2.0,0.7999999999999999,0.0,1,0,0
2024-01-10 00:30:00,2.0,0.7999999999999999,0.0,1,0,0
2024-01-10 00:45:00,2.0,0.7999999999999999,0.0,1,0,0
2024-01-10 01:00:00,2.0,0.7999999999999999,0.0,1,0,0
2024-01-10 01:15:00,2.0,0.7999999999999999,0.0,1,0,0
2024-01-10 01:30:00,2.0,0.7999999999999999,0.0,1,0,0
2024-01-10 01:45:00,2.0,0.7999999999999999,0.0,1,0,0
2024-01-10 02:00:00,2.0,0.7999999999999999,0.0,1,0,0
2024-01-10 02:15:00,2.0,0.7999999999999999,0.0,1,0,0
2024-01-10 02:30:00,2.0,0.7999999999999999,0.0,1,0,0
2024-01-10 02:45:00,2.0,0.7999999999999999,0.0,1,0,0
2024-01-10 03:00:00,2.0,0.7999999999999999,0.0,1,0,0
2024-01-10 03:15:00,2.0,0.7999999999999999,0.0,1,0,0
2024-01-10 03:30:00,2.0,0.7999999999999999,0.0,1,0,0
2024-01-10 03:45:00,1.0,0.7999999999999999,0.0,1,0,0
2024-01-10 04:00:00,1.0,0.7999999999999999,0.0,1,0,0
2024-01-10 04:15:00,1.0,0.7999999999999999,0.0,1,0,0
2024-01-10 04:30:00,1.0,0.7999999999999999,0.0,1,0,0
2024-01-10 04:45:00,2.0,0.7999999999999999,0.0,1,0,0
2024-01-10 05:00:00,2.0,0.7999999999999999,0.0,1,0,0
2024-01-10 05:15:00,2.0,0.7999999999999999,0.0,1,0,0
2024-01-10 05:30:00,2.0,0.7999999999999999,0.0,1,0,0
2024-01-10 05:45:00,2.0,0.7999999999999999,0.0,1,0,1
2024-01-10 06:00:00,2.0,0.0,0.0,0,0,0
2024-01-10 06:15:00,1.0,0.0,0.0,0,0,0
2024-01-10 06:30:00,1.0,0.0,0.0,0,0,0
2024-01-10 06:45:00,1.0,0.0,0.0,0,0,0
2024-01-10 07:00:00,1.0,0.0,0.0,0,0,0
2024-01-10 07:15:00,1.0,0.0,0.0,0,0,0
2024-01-10 07:30:00,1.0,0.0,0.0,0,0,0
2024-01-10 07:45:00,1.0,0.0,0.0,0,0,0
2024-01-10 08:00:00,1.0,0.0,0.0,0,0,0
2024-01-10 08:15:00,1.0,0.0,0.0,0,0,0
2024-01-10 08:30:00,1.0,0.0,0.0,0,0,0
2024-01-10 08:45:00,1.0,0.0,0.0,0,0,0
2024-01-10 09:00:00,3.0,0.0,0.0,0,0,0
2024-01-10 09:15:00,1.0,0.0,0.0,0,0,0
2024-01-10 09:30:00,1.0,0.0,0.0,0,0,0
2024-01-10 09:45:00,1.0,0.0,0.0,0,0,0
2024-01-10 10:00:00,1.0,0.0,0.0,0,0,0
2024-01-10 10:15:00,1.0,0.0,0.0,0,0,0
2024-01-10 10:30:00,1.0,0.0,0.0,0,0,0
2024-01-10 10:45:00,1.0,0.0,0.0,0,0,0
2024-01-10 11:00:00,1.0,0.0,0.0,0,0,0
2024-01-10 11:15:00,1.0,0.0,0.0,0,0,0
2024-01-10 11:30:00,1.0,0.0,0.0,0,0,0
2024-01-10 11:45:00,1.0,0.0,0.0,0,0,0
2024-01-10 12:00:00,1.0,0.0,0.0,0,0,0
2024-01-10 12:15:00,1.0,0.0,0.0,0,0,0
2024-01-10 12:30:00,3.0,0.0,0.0,0,0,0
2024-01-10 12:45:00,3.0,0.0,0.0,0,0,0
2024-01-10 13:00:00,1.0,0.0,0.0,0,0,0
2024-01-10 13:15:00,1.0,0.0,0.0,0,0,0
2024-01-10 13:30:00,1.0,0.0,0.0,0,0,0
2024-01-10 13:45:00,1.0,0.0,0.0,0,0,0
2024-01-10 14:00:00,1.0,0.0,0.0,0,0,0
2024-01-10 14:15:00,1.0,0.0,0.0,0,0,0
2024-01-10 14:30:00,1.0,0.0,0.0,0,0,0
2024-01-10 14:45:00,1.0,0.0,0.0,0,0,0
2024-01-10 15:00:00,3.0,0.0,0.0,0,0,0
2024-01-10 15:15:00,3.0,0.0,0.0,0,0,0
2024-01-10 15:30:00,1.0,0.0,0.0,0,0,0
2024-01-10 15:45:00,3.0,0.0,0.0,0,0,0
2024-01-10 16:00:00,1.0,0.0,0.0,0,0,0
2024-01-10 16:15:00,1.0,0.0,0.0,0,0,0
2024-01-10 16:30:00,1.0,0.0,0.0,0,0,0
2024-01-10 16:45:00,1.0,0.0,0.0,0,0,0
2024-01-10 17:00:00,1.0,0.0,0.0,0,0,0
2024-01-10 17:15:00,1.0,0.0,0.0,0,0,0
2024-01-10 17:30:00,3.0,0.0,0.0,0,0,0
2024-01-10 17:45:00,3.0,0.0,0.0,0,0,0
2024-01-10 18:00:00,1.0,0.0,0.0,0,0,0
2024-01-10 18:15:00,1.0,0.7578833333333331,0.7290666666666668,1,1,0
2024-01-10 18:30:00,1.0,0.7911333333333328,0.0,1,0,0
2024-01-10 18:45:00,1.0,0.7999999999999994,0.0,1,0,0
2024-01-10 19:00:00,1.0,0.7999999999999994,0.0,1,0,0
2024-01-10 19:15:00,1.0,0.7999999999999994,0.0,1,0,0
2024-01-10 19:30:00,1.0,0.7999999999999994,0.0,1,0,0
2024-01-10 19:45:00,3.0,0.7999999999999994,0.0,1,0,0
2024-01-10 20:00:00,1.0,0.7999999999999994,0.0,1,0,0
2024-01-10 20:15:00,1.0,0.7999999999999994,0.0,1,0,0
2024-01-10 20:30:00,1.0,0.7999999999999994,0.0,1,0,0
2024-01-10 20:45:00,1.0,0.7999999999999994,0.0,1,0,0
2024-01-10 21:00:00,1.0,0.7999999999999994,0.0,1,0,0
2024-01-10 21:15:00,1.0,0.7999999999999994,0.0,1,0,0
2024-01-10 21:30:00,1.0,0.7999999999999994,0.0,1,0,0
2024-01-10 21:45:00,1.0,0.7999999999999994,0.0,1,0,0
2024-01-10 22:00:00,1.0,0.7999999999999994,0.0,1,0,0
2024-01-10 22:15:00,1.0,0.7999999999999994,0.0,1,0,0
2024-01-10 22:30:00,1.0,0.7999999999999994,0.0,1,0,0
2024-01-10 22:45:00,1.0,0.7999999999999994,0.0,1,0,0
2024-01-10 23:00:00,2.0,0.7999999999999994,0.0,1,0,0
2024-01-10 23:15:00,2.0,0.7999999999999994,0.0,1,0,0
2024-01-10 23:30:00,2.0,0.7999999999999994,0.0,1,0,0
2024-01-10 23:45:00,2.0,0.7999999999999994,0.0,1,0,0
2024-01-11 00:00:00,2.0,0.7999999999999994,0.0,1,0,0
2024-01-11 00:15:00,2.0,0.7999999999999994,0.0,1,0,0
2024-01-11 00:30:00,2.0,0.7999999999999994,0.0,1,0,0
2024-01-11 00:45:00,2.0,0.7999999999999994,0.0,1,0,0
2024-01-11 01:00:00,2.0,0.7999999999999994,0.0,1,0,0
2024-01-11 01:15:00,2.0,0.7999999999999994,0.0,1,0,0
2024-01-11 01:30:00,2.0,0.7999999999999994,0.0,1,0,0
2024-01-11 01:45:00,2.0,0.7999999999999994,0.0,1,0,0
2024-01-11 02:00:00,2.0,0.7999999999999994,0.0,1,0,0
2024-01-11 02:15:00,2.0,0.7999999999999994,0.0,1,0,0
2024-01-11 02:30:00,2.0,0.7999999999999994,0.0,1,0,0
2024-01-11 02:45:00,2.0,0.7999999999999994,0.0,1,0,0
2024-01-11 03:00:00,2.0,0.7999999999999994,0.0,1,0,0
2024-01-11 03:15:00,2.0,0.7999999999999994,0.0,1,0,0
2024-01-11 03:30:00,2.0,0.7999999999999994,0.0,1,0,0
2024-01-11 03:45:00,2.0,0.7999999999999994,0.0,1,0,0
2024-01-11 04:00:00,1.0,0.7999999999999994,0.0,1,0,0
2024-01-11 04:15:00,1.0,0.7999999999999994,0.0,1,0,0
2024-01-11 04:30:00,1.0,0.7999999999999994,0.0,1,0,0
2024-01-11 04:45:00,1.0,0.7999999999999994,0.0,1,0,0
2024-01-11 05:00:00,2.0,0.7999999999999994,0.0,1,0,0
2024-01-11 05:15:00,1.0,0.7999999999999994,0.0,1,0,0
2024-01-11 05:30:00,1.0,0.7999999999999994,0.0,1,0,0
2024-01-11 05:45:00,2.0,0.7999999999999994,0.0,1,0,0
2024-01-11 06:00:00,1.0,0.7999999999999994,0.0,1,0,1
2024-01-11 06:15:00,2.0,0.0,0.0,0,0,0
2024-01-11 06:30:00,1.0,0.8,0.7977833333333334,1,1,0
2024-01-11 06:45:00,1.0,0.8,0.0,1,0,0
2024-01-11 07:00:00,1.0,0.8,0.0,1,0,0
2024-01-11 07:15:00,1.0,0.8,0.0,1,0,0
2024-01-11 07:30:00,1.0,0.8,0.0,1,0,0
2024-01-11 07:45:00,1.0,0.8,0.0,1,0,0
2024-01-11 08:00:00,1.0,0.8,0.0,1,0,0
2024-01-11 08:15:00,1.0,0.8,0.0,1,0,0
2024-01-11 08:30:00,1.0,0.8,0.0,1,0,1
2024-01-11 08:45:00,1.0,0.0,0.0,0,0,0
2024-01-11 09:00:00,1.0,0.0,0.0,0,0,0
2024-01-11 09:15:00,1.0,0.0,0.0,0,0,0
2024-01-11 09:30:00,1.0,0.0,0.0,0,0,0
2024-01-11 09:45:00,1.0,0.0,0.0,0,0,0
2024-01-11 10:00:00,3.0,0.0,0.0,0,0,0
2024-01-11 10:15:00,1.0,0.0,0.0,0,0,0
2024-01-11 10:30:00,1.0,0.0,0.0,0,0,0
2024-01-11 10:45:00,1.0,0.0,0.0,0,0,0
2024-01-11 11:00:00,1.0,0.7999999999999999,0.7844833333333334,1,1,0
2024-01-11 11:15:00,1.0,0.7999999999999999,0.0,1,0,0
2024-01-11 11:30:00,1.0,0.7999999999999999,0.0,1,0,0
2024-01-11 11:45:00,1.0,0.7999999999999999,0.0,1,0,0
2024-01-11 12:00:00,1.0,0.7999999999999999,0.0,1,0,1
2024-01-11 12:15:00,1.0,0.0,0.0,0,0,0
2024-01-11 12:30:00,3.0,0.0,0.0,0,0,0
2024-01-11 12:45:00,3.0,0.0,0.0,0,0,0
2024-01-11 13:00:00,1.0,0.0,0.0,0,0,0
2024-01-11 13:15:00,1.0,0.0,0.0,0,0,0
2024-01-11 13:30:00,2.0,0.0,0.0,0,0,0
2024-01-11 13:45:00,1.0,0.0,0.0,0,0,0
2024-01-11 14:00:00,1.0,0.0,0.0,0,0,0
2024-01-11 14:15:00,1.0,0.0,0.0,0,0,0
2024-01-11 14:30:00,1.0,0.0,0.0,0,0,0
2024-01-11 14:45:00,1.0,0.0,0.0,0,0,0
2024-01-11 15:00:00,1.0,0.0,0.0,0,0,0
2024-01-11 15:15:00,1.0,0.0,0.0,0,0,0
2024-01-11 15:30:00,1.0,0.0,0.0,0,0,0
2024-01-11 15:45:00,1.0,0.0,0.0,0,0,0
2024-01-11 16:00:00,1.0,0.0,0.0,0,0,0
2024-01-11 16:15:00,1.0,0.0,0.0,0,0,0
2024-01-11 16:30:00,1.0,0.7778333333333333,0.7689666666666667,1,1,0
2024-01-11 16:45:00,1.0,0.7999999999999997,0.0,1,0,0
2024-01-11 17:00:00,1.0,0.7999999999999997,0.0,1,0,0
2024-01-11 17:15:00,1.0,0.7999999999999997,0.0,1,0,0
2024-01-11 17:30:00,1.0,0.7999999999999997,0.0,1,0,0
2024-01-11 17:45:00,1.0,0.7999999999999997,0.0,1,0,0
2024-01-11 18:00:00,1.0,0.7999999999999997,0.0,1,0,0
2024-01-11 18:15:00,1.0,0.7999999999999997,0.0,1,0,0
2024-01-11 18:30:00,1.0,0.7999999999999997,0.0,1,0,0
2024-01-11 18:45:00,1.0,0.7999999999999997,0.0,1,0,0
2024-01-11 19:00:00,1.0,0.7999999999999997,0.0,1,0,0
2024-01-11 19:15:00,1.0,0.7999999999999997,0.0,1,0,0
2024-01-11 19:30:00,1.0,0.7999999999999997,0.0,1,0,0
2024-01-11 19:45:00,1.0,0.7999999999999997,0.0,1,0,0
2024-01-11 20:00:00,1.0,0.7999999999999997,0.0,1,0,0
2024-01-11 20:15:00,1.0,0.7999999999999997,0.0,1,0,0
2024-01-11 20:30:00,1.0,0.7999999999999997,0.0,1,0,0
2024-01-11 20:45:00,1.0,0.7999999999999997,0.0,1,0,0
2024-01-11 21:00:00,1.0,0.7999999999999997,0.0,1,0,0
2024-01-11 21:15:00,1.0,0.7999999999999997,0.0,1,0,0
2024-01-11 21:30:00,1.0,0.7999999999999997,0.0,1,0,0
2024-01-11 21:45:00,1.0,0.7999999999999997,0.0,1,0,0
2024-01-11 22:00:00,1.0,0.7999999999999997,0.0,1,0,0
2024-01-11 22:15:00,2.0,0.7999999999999997,0.0,1,0,0
2024-01-11 22:30:00,2.0,0.7999999999999997,0.0,1,0,0
2024-01-11 22:45:00,2.0,0.7999999999999997,0.0,1,0,0
2024-01-11 23:00:00,2.0,0.7999999999999997,0.0,1,0,0
2024-01-11 23:15:00,2.0,0.7999999999999997,0.0,1,0,0
2024-01-11 23:30:00,2.0,0.7999999999999997,0.0,1,0,0
2024-01-11 23:45:00,2.0,0.7999999999999997,0.0,1,0,0
2024-01-12 00:00:00,2.0,0.7999999999999997,0.0,1,0,0
2024-01-12 00:15:00,2.0,0.7999999999999997,0.0,1,0,0
2024-01-12 00:30:00,2.0,0.7999999999999997,0.0,1,0,0
2024-01-12 00:45:00,2.0,0.7999999999999997,0.0,1,0,0
2024-01-12 01:00:00,2.0,0.7999999999999997,0.0,1,0,0
2024-01-12 01:15:00,2.0,0.7999999999999997,0.0,1,0,0
2024-01-12 01:30:00,2.0,0.7999999999999997,0.0,1,0,0
2024-01-12 01:45:00,2.0,0.7999999999999997,0.0,1,0,0
2024-01-12 02:00:00,2.0,0.7999999999999997,0.0,1,0,0
2024-01-12 02:15:00,2.0,0.7999999999999997,0.0,1,0,0
2024-01-12 02:30:00,2.0,0.7999999999999997,0.0,1,0,1
2024-01-12 02:45:00,2.0,0.0,0.0,0,0,0
2024-01-12 03:00:00,2.0,0.0,0.0,0,0,0
2024-01-12 03:15:00,2.0,0.0,0.0,0,0,0
2024-01-12 03:30:00,2.0,0.0,0.0,0,0,0
2024-01-12 03:45:00,2.0,0.0,0.0,0,0,0
2024-01-12 04:00:00,2.0,0.0,0.0,0,0,0
2024-01-12 04:15:00,1.0,0.0,0.0,0,0,0
2024-01-12 04:30:00,1.0,0.0,0.0,0,0,0
2024-01-12 04:45:00,1.0,0.0,0.0,0,0,0
2024-01-12 05:00:00,2.0,0.0,0.0,0,0,0
2024-01-12 05:15:00,1.0,0.0,0.0,0,0,0
2024-01-12 05:30:00,2.0,0.0,0.0,0,0,0
2024-01-12 05:45:00,1.0,0.0,0.0,0,0,0
2024-01-12 06:00:00,1.0,0.0,0.0,0,0,0
2024-01-12 06:15:00,1.0,0.0,0.0,0,0,0
2024-01-12 06:30:00,1.0,0.0,0.0,0,0,0
2024-01-12 06:45:00,1.0,0.0,0.0,0,0,0
2024-01-12 07:00:00,2.0,0.0,0.0,0,0,0
2024-01-12 07:15:00,2.0,0.0,0.0,0,0,0
2024-01-12 07:30:00,1.0,0.0,0.0,0,0,0
2024-01-12 07:45:00,3.0,0.7933499999999998,0.7689666666666667,1,1,0
2024-01-12 08:00:00,1.0,0.7999999999999997,0.0,1,0,0
2024-01-12 08:15:00,3.0,0.7999999999999997,0.0,1,0,1
2024-01-12 08:30:00,1.0,0.0,0.0,0,0,0
2024-01-12 08:45:00,1.0,0.0,0.0,0,0,0
2024-01-12 09:00:00,1.0,0.0,0.0,0,0,0
2024-01-12 09:15:00,1.0,0.0,0.0,0,0,0
2024-01-12 09:30:00,1.0,0.0,0.0,0,0,0
2024-01-12 09:45:00,3.0,0.0,0.0,0,0,0
2024-01-12 10:00:00,3.0,0.0,0.0,0,0,0
2024-01-12 10:15:00,1.0,0.0,0.0,0,0,0
2024-01-12 10:30:00,1.0,0.0,0.0,0,0,0
2024-01-12 10:45:00,1.0,0.0,0.0,0,0,0
2024-01-12 11:00:00,1.0,0.0,0.0,0,0,0
2024-01-12 11:15:00,3.0,0.0,0.0,0,0,0
2024-01-12 11:30:00,3.0,0.7867,0.7822666666666667,1,1,0
2024-01-12 11:45:00,1.0,0.7999999999999998,0.0,1,0,0
2024-01-12 12:00:00,1.0,0.7999999999999998,0.0,1,0,0
2024-01-12 12:15:00,3.0,0.7999999999999998,0.0,1,0,0
2024-01-12 12:30:00,1.0,0.7999999999999998,0.0,1,0,1
2024-01-12 12:45:00,3.0,0.0,0.0,0,0,0
2024-01-12 13:00:00,3.0,0.0,0.0,0,0,0
2024-01-12 13:15:00,3.0,0.0,0.0,0,0,0
2024-01-12 13:30:00,1.0,0.0,0.0,0,0,0
2024-01-12 13:45:00,3.0,0.0,0.0,0,0,0
2024-01-12 14:00:00,2.0,0.0,0.0,0,0,0
2024-01-12 14:15:00,1.0,0.0,0.0,0,0,0
2024-01-12 14:30:00,3.0,0.0,0.0,0,0,0
2024-01-12 14:45:00,3.0,0.0,0.0,0,0,0
2024-01-12 15:00:00,3.0,0.0,0.0,0,0,0
2024-01-12 15:15:00,3.0,0.7999999999999999,0.7844833333333334,1,1,0
2024-01-12 15:30:00,1.0,0.7999999999999999,0.0,1,0,0
2024-01-12 15:45:00,1.0,0.7999999999999999,0.0,1,0,0
2024-01-12 16:00:00,1.0,0.7999999999999999,0.0,1,0,0
2024-01-12 16:15:00,1.0,0.7999999999999999,0.0,1,0,0
2024-01-12 16:30:00,1.0,0.7999999999999999,0.0,1,0,0
2024-01-12 16:45:00,1.0,0.7999999999999999,0.0,1,0,0
2024-01-12 17:00:00,1.0,0.7999999999999999,0.0,1,0,0
2024-01-12 17:15:00,1.0,0.7999999999999999,0.0,1,0,0
2024-01-12 17:30:00,1.0,0.7999999999999999,0.0,1,0,0
2024-01-12 17:45:00,1.0,0.7999999999999999,0.0,1,0,0
2024-01-12 18:00:00,1.0,0.7999999999999999,0.0,1,0,0
2024-01-12 18:15:00,1.0,0.7999999999999999,0.0,1,0,0
2024-01-12 18:30:00,1.0,0.7999999999999999,0.0,1,0,0
2024-01-12 18:45:00,1.0,0.7999999999999999,0.0,1,0,0
2024-01-12 19:00:00,1.0,0.7999999999999999,0.0,1,0,0
2024-01-12 19:15:00,1.0,0.7999999999999999,0.0,1,0,0
2024-01-12 19:30:00,1.0,0.7999999999999999,0.0,1,0,0
2024-01-12 19:45:00,1.0,0.7999999999999999,0.0,1,0,0
2024-01-12 20:00:00,1.0,0.7999999999999999,0.0,1,0,0
2024-01-12 20:15:00,1.0,0.7999999999999999,0.0,1,0,0
2024-01-12 20:30:00,1.0,0.7999999999999999,0.0,1,0,0
2024-01-12 20:45:00,1.0,0.7999999999999999,0.0,1,0,0
2024-01-12 21:00:00,1.0,0.7999999999999999,0.0,1,0,0
2024-01-12 21:15:00,1.0,0.7999999999999999,0.0,1,0,0
2024-01-12 21:30:00,1.0,0.7999999999999999,0.0,1,0,0
2024-01-12 21:45:00,1.0,0.7999999999999999,0.0,1,0,0
2024-01-12 22:00:00,1.0,0.7999999999999999,0.0,1,0,0
2024-01-12 22:15:00,1.0,0.7999999999999999,0.0,1,0,0
2024-01-12 22:30:00,2.0,0.7999999999999999,0.0,1,0,0
2024-01-12 22:45:00,2.0,0.7999999999999999,0.0,1,0,0
2024-01-12 23:00:00,2.0,0.7999999999999999,0.0,1,0,0
2024-01-12 23:15:00,2.0,0.7999999999999999,0.0,1,0,0
2024-01-12 23:30:00,2.0,0.7999999999999999,0.0,1,0,0
2024-01-12 23:45:00,2.0,0.7999999999999999,0.0,1,0,0
2024-01-13 00:00:00,2.0,0.7999999999999999,0.0,1,0,0
2024-01-13 00:15:00,2.0,0.7999999999999999,0.0,1,0,0
2024-01-13 00:30:00,2.0,0.7999999999999999,0.0,1,0,0
2024-01-13 00:45:00,2.0,0.7999999999999999,0.0,1,0,0
2024-01-13 01:00:00,2.0,0.7999999999999999,0.0,1,0,0
2024-01-13 01:15:00,2.0,0.7999999999999999,0.0,1,0,0
2024-01-13 01:30:00,2.0,0.7999999999999999,0.0,1,0,0
2024-01-13 01:45:00,2.0,0.7999999999999999,0.0,1,0,0
2024-01-13 02:00:00,2.0,0.7999999999999999,0.0,1,0,0
2024-01-13 02:15:00,2.0,0.7999999999999999,0.0,1,0,0
2024-01-13 02:30:00,2.0,0.7999999999999999,0.0,1,0,0
2024-01-13 02:45:00,2.0,0.7999999999999999,0.0,1,0,0
2024-01-13 03:00:00,2.0,0.7999999999999999,0.0,1,0,0
2024-01-13 03:15:00,2.0,0.7999999999999999,0.0,1,0,0
2024-01-13 03:30:00,2.0,0.7999999999999999,0.0,1,0,0
2024-01-13 03:45:00,2.0,0.7999999999999999,0.0,1,0,0
2024-01-13 04:00:00,2.0,0.7999999999999999,0.0,1,0,0
2024-01-13 04:15:00,1.0,0.7999999999999999,0.0,1,0,0
2024-01-13 04:30:00,1.0,0.7999999999999999,0.0,1,0,0
2024-01-13 04:45:00,2.0,0.7999999999999999,0.0,1,0,0
2024-01-13 05:00:00,2.0,0.7999999999999999,0.0,1,0,0
2024-01-13 05:15:00,1.0,0.7999999999999999,0.0,1,0,0
2024-01-13 05:30:00,1.0,0.7999999999999999,0.0,1,0,0
2024-01-13 05:45:00,1.0,0.7999999999999999,0.0,1,0,0
2024-01-13 06:00:00,1.0,0.7999999999999999,0.0,1,0,0
2024-01-13 06:15:00,1.0,0.7999999999999999,0.0,1,0,0
2024-01-13 06:30:00,1.0,0.7999999999999999,0.0,1,0,0
2024-01-13 06:45:00,1.0,0.7999999999999999,0.0,1,0,0
2024-01-13 07:00:00,1.0,0.7999999999999999,0.0,1,0,0
2024-01-13 07:15:00,1.0,0.7999999999999999,0.0,1,0,0
2024-01-13 07:30:00,1.0,0.7999999999999999,0.0,1,0,0
2024-01-13 07:45:00,1.0,0.7999999999999999,0.0,1,0,0
2024-01-13 08:00:00,2.0,0.7999999999999999,0.0,1,0,0
2024-01-13 08:15:00,1.0,0.7999999999999999,0.0,1,0,0
2024-01-13 08:30:00,1.0,0.7999999999999999,0.0,1,0,0
2024-01-13 08:45:00,1.0,0.7999999999999999,0.0,1,0,0
2024-01-13 09:00:00,1.0,0.7999999999999999,0.0,1,0,0
2024-01-13 09:15:00,1.0,0.7999999999999999,0.0,1,0,0
2024-01-13 09:30:00,1.0,0.7999999999999999,0.0,1,0,1
2024-01-13 09:45:00,1.0,0.0,0.0,0,0,0
2024-01-13 10:00:00,1.0,0.0,0.0,0,0,0
2024-01-13 10:15:00,1.0,0.0,0.0,0,0,0
2024-01-13 10:30:00,1.0,0.0,0.0,0,0,0
2024-01-13 10:45:00,1.0,0.0,0.0,0,0,0
2024-01-13 11:00:00,1.0,0.0,0.0,0,0,0
2024-01-13 11:15:00,1.0,0.0,0.0,0,0,0
2024-01-13 11:30:00,1.0,0.0,0.0,0,0,0
2024-01-13 11:45:00,1.0,0.7822666666666664,0.7601,1,1,0
2024-01-13 12:00:00,1.0,0.7999999999999996,0.0,1,0,0
2024-01-13 12:15:00,1.0,0.7999999999999996,0.0,1,0,0
2024-01-13 12:30:00,1.0,0.7999999999999996,0.0,1,0,0
2024-01-13 12:45:00,1.0,0.7999999999999996,0.0,1,0,0
2024-01-13 13:00:00,1.0,0.7999999999999996,0.0,1,0,0
2024-01-13 13:15:00,1.0,0.7999999999999996,0.0,1,0,0
2024-01-13 13:30:00,2.0,0.7999999999999996,0.0,1,0,0
2024-01-13 13:45:00,1.0,0.7999999999999996,0.0,1,0,1
2024-01-13 14:00:00,2.0,0.0,0.0,0,0,0
2024-01-13 14:15:00,1.0,0.0,0.0,0,0,0
2024-01-13 14:30:00,1.0,0.0,0.0,0,0,0
2024-01-13 14:45:00,1.0,0.0,0.0,0,0,0
2024-01-13 15:00:00,1.0,0.0,0.0,0,0,0
2024-01-13 15:15:00,1.0,0.0,0.0,0,0,0
2024-01-13 15:30:00,1.0,0.0,0.0,0,0,0
2024-01-13 15:45:00,1.0,0.0,0.0,0,0,0
2024-01-13 16:00:00,1.0,0.0,0.0,0,0,0
2024-01-13 16:15:00,1.0,0.0,0.0,0,0,0
2024-01-13 16:30:00,1.0,0.0,0.0,0,0,0
2024-01-13 16:45:00,1.0,0.0,0.0,0,0,0
2024-01-13 17:00:00,1.0,0.7512333333333333,0.7423666666666667,1,1,0
2024-01-13 17:15:00,1.0,0.784483333333333,0.0,1,0,0
2024-01-13 17:30:00,1.0,0.7999999999999995,0.0,1,0,0
2024-01-13 17:45:00,1.0,0.7999999999999995,0.0,1,0,0
2024-01-13 18:00:00,1.0,0.7999999999999995,0.0,1,0,0
2024-01-13 18:15:00,1.0,0.7999999999999995,0.0,1,0,0
2024-01-13 18:30:00,1.0,0.7999999999999995,0.0,1,0,0
2024-01-13 18:45:00,1.0,0.7999999999999995,0.0,1,0,0
2024-01-13 19:00:00,1.0,0.7999999999999995,0.0,1,0,0
2024-01-13 19:15:00,3.0,0.7999999999999995,0.0,1,0,0
2024-01-13 19:30:00,1.0,0.7999999999999995,0.0,1,0,0
2024-01-13 19:45:00,1.0,0.7999999999999995,0.0,1,0,0
2024-01-13 20:00:00,1.0,0.7999999999999995,0.0,1,0,0
2024-01-13 20:15:00,1.0,0.7999999999999995,0.0,1,0,0
2024-01-13 20:30:00,1.0,0.7999999999999995,0.0,1,0,0
2024-01-13 20:45:00,1.0,0.7999999999999995,0.0,1,0,0
2024-01-13 21:00:00,1.0,0.7999999999999995,0.0,1,0,0
2024-01-13 21:15:00,1.0,0.7999999999999995,0.0,1,0,0
2024-01-13 21:30:00,1.0,0.7999999999999995,0.0,1,0,0
2024-01-13 21:45:00,2.0,0.7999999999999995,0.0,1,0,0
2024-01-13 22:00:00,2.0,0.7999999999999995,0.0,1,0,0
2024-01-13 22:15:00,2.0,0.7999999999999995,0.0,1,0,0
2024-01-13 22:30:00,2.0,0.7999999999999995,0.0,1,0,0
2024-01-13 22:45:00,2.0,0.7999999999999995,0.0,1,0,0
2024-01-13 23:00:00,2.0,0.7999999999999995,0.0,1,0,0
2024-01-13 23:15:00,1.0,0.7999999999999995,0.0,1,0,0
2024-01-13 23:30:00,1.0,0.7999999999999995,0.0,1,0,0
2024-01-13 23:45:00,1.0,0.7999999999999995,0.0,1,0,0
2024-01-14 00:00:00,1.0,0.7999999999999995,0.0,1,0,0
2024-01-14 00:15:00,1.0,0.7999999999999995,0.0,1,0,0
2024-01-14 00:30:00,2.0,0.7999999999999995,0.0,1,0,0
2024-01-14 00:45:00,2.0,0.7999999999999995,0.0,1,0,0
2024-01-14 01:00:00,2.0,0.7999999999999995,0.0,1,0,0
2024-01-14 01:15:00,2.0,0.7999999999999995,0.0,1,0,0
2024-01-14 01:30:00,2.0,0.7999999999999995,0.0,1,0,0
2024-01-14 01:45:00,2.0,0.7999999999999995,0.0,1,0,0
2024-01-14 02:00:00,2.0,0.7999999999999995,0.0,1,0,0
2024-01-14 02:15:00,2.0,0.7999999999999995,0.0,1,0,0
2024-01-14 02:30:00,2.0,0.7999999999999995,0.0,1,0,0
2024-01-14 02:45:00,2.0,0.7999999999999995,0.0,1,0,0
2024-01-14 03:00:00,2.0,0.7999999999999995,0.0,1,0,0
2024-01-14 03:15:00,2.0,0.7999999999999995,0.0,1,0,0
2024-01-14 03:30:00,2.0,0.7999999999999995,0.0,1,0,0
2024-01-14 03:45:00,1.0,0.7999999999999995,0.0,1,0,0
2024-01-14 04:00:00,2.0,0.7999999999999995,0.0,1,0,0
2024-01-14 04:15:00,1.0,0.7999999999999995,0.0,1,0,0
2024-01-14 04:30:00,1.0,0.7999999999999995,0.0,1,0,0
2024-01-14 04:45:00,2.0,0.7999999999999995,0.0,1,0,0
2024-01-14 05:00:00,1.0,0.7999999999999995,0.0,1,0,0
2024-01-14 05:15:00,1.0,0.7999999999999995,0.0,1,0,1
2024-01-14 05:30:00,1.0,0.0,0.0,0,0,0
2024-01-14 05:45:00,1.0,0.0,0.0,0,0,0
2024-01-14 06:00:00,1.0,0.0,0.0,0,0,0
2024-01-14 06:15:00,2.0,0.0,0.0,0,0,0
2024-01-14 06:30:00,2.0,0.0,0.0,0,0,0
2024-01-14 06:45:00,1.0,0.7999999999999999,0.7889166666666667,1,1,0
2024-01-14 07:00:00,2.0,0.7999999999999999,0.0,1,0,0
2024-01-14 07:15:00,1.0,0.7999999999999999,0.0,1,0,0
2024-01-14 07:30:00,1.0,0.7999999999999999,0.0,1,0,0
2024-01-14 07:45:00,1.0,0.7999999999999999,0.0,1,0,1
2024-01-14 08:00:00,1.0,0.0,0.0,0,0,0
2024-01-14 08:15:00,1.0,0.0,0.0,0,0,0
2024-01-14 08:30:00,1.0,0.0,0.0,0,0,0
2024-01-14 08:45:00,1.0,0.0,0.0,0,0,0
2024-01-14 09:00:00,1.0,0.0,0.0,0,0,0
2024-01-14 09:15:00,2.0,0.0,0.0,0,0,0
2024-01-14 09:30:00,1.0,0.0,0.0,0,0,0
2024-01-14 09:45:00,1.0,0.0,0.0,0,0,0
2024-01-14 10:00:00,1.0,0.0,0.0,0,0,0
2024-01-14 10:15:00,1.0,0.0,0.0,0,0,0
2024-01-14 10:30:00,1.0,0.7999999999999998,0.7778333333333334,1,1,0
2024-01-14 10:45:00,1.0,0.7999999999999998,0.0,1,0,0
2024-01-14 11:00:00,1.0,0.7999999999999998,0.0,1,0,1
2024-01-14 11:15:00,1.0,0.0,0.0,0,0,0
2024-01-14 11:30:00,1.0,0.0,0.0,0,0,0
2024-01-14 11:45:00,1.0,0.0,0.0,0,0,0
2024-01-14 12:00:00,1.0,0.0,0.0,0,0,0
2024-01-14 12:15:00,1.0,0.0,0.0,0,0,0
2024-01-14 12:30:00,1.0,0.0,0.0,0,0,0
2024-01-14 12:45:00,1.0,0.0,0.0,0,0,0
2024-01-14 13:00:00,1.0,0.0,0.0,0,0,0
2024-01-14 13:15:00,1.0,0.0,0.0,0,0,0
2024-01-14 13:30:00,1.0,0.0,0.0,0,0,0
2024-01-14 13:45:00,1.0,0.0,0.0,0,0,0
2024-01-14 14:00:00,1.0,0.0,0.0,0,0,0
2024-01-14 14:15:00,1.0,0.0,0.0,0,0,0
2024-01-14 14:30:00,1.0,0.0,0.0,0,0,0
2024-01-14 14:45:00,1.0,0.0,0.0,0,0,0
2024-01-14 15:00:00,1.0,0.0,0.0,0,0,0
2024-01-14 15:15:00,1.0,0.0,0.0,0,0,0
2024-01-14 15:30:00,1.0,0.0,0.0,0,0,0
2024-01-14 15:45:00,1.0,0.0,0.0,0,0,0
2024-01-14 16:00:00,1.0,0.0,0.0,0,0,0
2024-01-14 16:15:00,1.0,0.0,0.0,0,0,0
2024-01-14 16:30:00,3.0,0.7556666666666667,0.7534500000000001,0,1,0
2024-01-14 16:45:00,1.0,0.0,0.0,0,0,0
2024-01-14 17:00:00,1.0,0.0,0.0,0,0,0
2024-01-14 17:15:00,1.0,0.0,0.0,0,0,0
2024-01-14 17:30:00,1.0,0.0,0.0,0,0,0
2024-01-14 17:45:00,1.0,0.0,0.0,0,0,0
2024-01-14 18:00:00,1.0,0.0,0.0,0,0,0
2024-01-14 18:15:00,1.0,0.0,0.0,0,0,0
2024-01-14 18:30:00,1.0,0.0,0.0,0,0,0
2024-01-14 18:45:00,1.0,0.0,0.0,0,0,0
2024-01-14 19:00:00,3.0,0.0,0.0,0,0,0
2024-01-14 19:15:00,1.0,0.0,0.0,0,0,0
2024-01-14 19:30:00,1.0,0.0,0.0,0,0,0
2024-01-14 19:45:00,1.0,0.0,0.0,0,0,0
2024-01-14 20:00:00,1.0,0.0,0.0,0,0,0
2024-01-14 20:15:00,1.0,0.0,0.0,0,0,0
2024-01-14 20:30:00,1.0,0.0,0.0,0,0,0
2024-01-14 20:45:00,1.0,0.0,0.0,0,0,0
2024-01-14 21:00:00,1.0,0.0,0.0,0,0,0
2024-01-14 21:15:00,1.0,0.0,0.0,0,0,0
2024-01-14 21:30:00,1.0,0.0,0.0,0,0,0
2024-01-14 21:45:00,1.0,0.0,0.0,0,0,0
2024-01-14 22:00:00,2.0,0.0,0.0,0,0,0
2024-01-14 22:15:00,2.0,0.0,0.0,0,0,0
2024-01-14 22:30:00,2.0,0.0,0.0,0,0,0
2024-01-14 22:45:00,2.0,0.0,0.0,0,0,0
2024-01-14 23:00:00,1.0,0.0,0.0,0,0,0
2024-01-14 23:15:00,2.0,0.0,0.0,0,0,0
2024-01-14 23:30:00,2.0,0.0,0.0,0,0,0
2024-01-14 23:45:00,2.0,0.0,0.0,0,0,0
